jahr;bfs_nr_gemeinde;gemeinde_name;gebaeudehuelle;geak_sanierung;minergie_sanierung;minergie_neubau;holz_bis_70;holz_ab_70;waermepumpe;waermenetzanschluss;waermenetzprojekt;solarthermieanlage;solarstromanlage;batteriespeicher;energieeffizienz;komfortlueftung;elektrofahrzeug;ladeinfrastruktur;geak_plus;energieanalyse;wkk;biogasanlage;sonstige;total
2008;4551;Aadorf;5;;;4;;;;1;;18;5;;;;;;3;;;;;36
2009;4551;Aadorf;23;;;7;4;;4;;;12;4;;;;;;4;;;;;58
2010;4551;Aadorf;39;2;1;5;;1;6;;;19;4;;;;;;9;;;;;86
2011;4551;Aadorf;44;;4;22;;;9;;;22;16;;;2;;;3;;;;;122
2012;4551;Aadorf;16;2;1;10;1;1;5;4;;25;30;;;1;;;3;2;;;;101
2013;4551;Aadorf;12;2;2;4;;;6;5;;8;20;;2;;;;1;;1;;;63
2014;4551;Aadorf;16;;3;14;3;1;2;6;;9;11;;;;;;;;1;;;66
2015;4551;Aadorf;11;;1;1;;2;5;2;;5;1;;;2;;;1;;;;1;32
2016;4551;Aadorf;19;;;;;1;1;5;;1;;;1;;;;2;3;;;4;37
2017;4551;Aadorf;17;1;;4;1;1;7;1;;1;;6;;;;;3;1;;;9;52
2018;4551;Aadorf;16;1;1;;1;;11;;;2;;6;;3;;;4;;;;8;53
2019;4551;Aadorf;10;;;1;2;1;17;;;1;;9;;;16;;5;;;;;62
2020;4551;Aadorf;4;1;;1;;;12;1;1;;;7;2;;17;;6;;;;;52
2008;4711;Affeltrangen;2;;;2;3;;;;;6;1;;;;;;;;;;;14
2009;4711;Affeltrangen;11;;;;1;;1;;;1;;;;;;;2;;;;;16
2010;4711;Affeltrangen;7;;;;;2;;;;2;1;;;;;;1;;;;;13
2011;4711;Affeltrangen;18;;;3;1;;4;;;1;2;;;;;;;;;;;29
2012;4711;Affeltrangen;11;2;;6;1;;3;;;4;6;;;2;;;3;;;;;38
2013;4711;Affeltrangen;4;;;1;;;;1;;6;6;;1;1;;;1;;;;;21
2014;4711;Affeltrangen;1;;1;5;;;4;;;;3;;1;;;;;;;;;15
2015;4711;Affeltrangen;4;;;2;2;;4;;;3;;;2;;;;1;;;;3;21
2016;4711;Affeltrangen;7;;;;;;6;1;;1;;;;;;;;;;;5;20
2017;4711;Affeltrangen;7;;;1;;;6;;;;;6;2;;;;2;1;;;6;31
2018;4711;Affeltrangen;9;;;;;;4;;;2;;3;1;2;;;;;;;3;24
2019;4711;Affeltrangen;5;;;1;;;9;;;;;2;2;1;2;;1;;;;;23
2020;4711;Affeltrangen;;;;1;;1;5;;;;;2;;;6;;2;1;;;;18
2008;4641;Altnau;1;;;1;1;;1;;;5;2;;;;;;;;;;;11
2009;4641;Altnau;1;;;5;;;2;;;2;;;;;;;4;;;;;14
2010;4641;Altnau;9;;;2;;;1;;;4;1;;;;;;3;;;;;20
2011;4641;Altnau;14;;;2;2;1;1;;;1;2;;1;;;;3;;;;;27
2012;4641;Altnau;6;2;;2;;;1;2;;4;4;;2;;;;2;;;;;25
2013;4641;Altnau;4;1;1;1;;;1;1;;3;6;;1;;;;1;;;;;20
2014;4641;Altnau;5;;1;1;;;1;;;1;1;;;;;;2;;;;;12
2015;4641;Altnau;5;1;;;1;;;;;2;1;;;;;;;;;;3;13
2016;4641;Altnau;3;;;1;;;1;;;1;;;;;;;;1;;;;7
2017;4641;Altnau;7;1;;1;;;4;;;2;;;;;;;1;;;;5;21
2018;4641;Altnau;4;;;;;;4;;;;;2;1;;;;1;;;;2;14
2019;4641;Altnau;3;1;;;;1;2;;;;;3;;;3;;3;;;;;16
2020;4641;Altnau;5;2;;;1;;7;;;1;;2;;;6;;3;1;;;;28
2008;4881;Amlikon-Bissegg;1;;;;2;;;1;;4;;;;;;;1;;;;1;10
2009;4881;Amlikon-Bissegg;9;;;1;2;1;;;;3;1;;;;;;2;;;;;19
2010;4881;Amlikon-Bissegg;4;;;;1;;;;;3;;;;;;;;;;;;8
2011;4881;Amlikon-Bissegg;8;;;1;1;1;2;;;2;1;;;;;;1;;;;;17
2012;4881;Amlikon-Bissegg;3;;;1;;;2;;;3;9;;;;;;;;;;;18
2013;4881;Amlikon-Bissegg;2;1;;1;1;;4;5;;;10;;;;;;1;;;;;25
2014;4881;Amlikon-Bissegg;4;;;;1;;;;;1;5;;;;;;;;;;;11
2015;4881;Amlikon-Bissegg;2;;;;1;;4;1;;;;;;;;;1;1;;;1;11
2016;4881;Amlikon-Bissegg;4;;;;2;;3;;;;;;;1;;;;;;;4;14
2017;4881;Amlikon-Bissegg;3;;;;;;;6;;1;;;;;;;1;;;;2;13
2018;4881;Amlikon-Bissegg;5;;;;;;4;1;;;;5;;;;;1;;;;2;18
2019;4881;Amlikon-Bissegg;2;1;;;;1;10;;;;;1;;;2;;1;;;;1;19
2020;4881;Amlikon-Bissegg;2;;;;2;;6;1;;;;3;;;4;;4;;;;;22
2008;4461;Amriswil;4;;;4;5;;1;;;8;3;;;;;;2;;;;;27
2009;4461;Amriswil;30;;1;6;2;1;6;2;;19;1;;;;;;11;;;;;79
2010;4461;Amriswil;39;1;2;13;4;;6;;;10;3;;;;;;15;;;;1;94
2011;4461;Amriswil;33;2;1;7;2;;6;;;8;11;;1;;;;11;;;;;82
2012;4461;Amriswil;35;2;1;16;1;;3;1;;6;16;;;;;;7;2;;;;90
2013;4461;Amriswil;25;1;;10;2;;1;;;6;17;;;;;;1;;;;;63
2014;4461;Amriswil;19;3;;1;4;;1;3;;1;7;;;;;;13;;;;;52
2015;4461;Amriswil;13;1;;6;;1;2;1;;4;1;;2;;;;4;2;;;1;38
2016;4461;Amriswil;19;5;;;1;;6;;;;;;1;;;;5;3;;;6;46
2017;4461;Amriswil;21;2;;8;2;1;9;2;;1;;5;2;;;;12;;;;11;76
2018;4461;Amriswil;21;2;;;1;;9;2;;2;;13;3;;;;9;;;;5;67
2019;4461;Amriswil;8;3;;1;1;;14;;;1;;6;3;;4;;11;;;;;52
2020;4461;Amriswil;16;5;;2;;1;10;1;1;;;6;1;;23;1;12;;;;;79
2008;4401;Arbon;14;;;3;1;;;;;7;;;;;;;7;;;;;32
2009;4401;Arbon;16;;;1;4;;1;;;5;2;;;;;;3;;;;;32
2010;4401;Arbon;18;;;4;1;;3;;;9;1;;;;;;9;;;;;45
2011;4401;Arbon;26;2;;7;;;5;;;4;5;;1;;;;2;;;;;52
2012;4401;Arbon;30;5;;13;2;;6;;;13;10;;1;;;;12;;;;;92
2013;4401;Arbon;11;2;;7;1;;5;2;;3;7;;;;;;8;5;;;;51
2014;4401;Arbon;21;2;;2;;;4;4;;6;4;;2;;;;3;;;;;48
2015;4401;Arbon;10;1;;5;1;;2;7;;4;;;2;;;;;2;;;;34
2016;4401;Arbon;22;3;;1;1;;6;8;;2;1;;3;;;;;2;;;1;50
2017;4401;Arbon;24;;;;;;8;3;;1;;6;2;;;;3;2;;;1;50
2018;4401;Arbon;17;1;;;;1;9;1;;1;;1;3;;;;4;;;;6;44
2019;4401;Arbon;24;1;;;;;19;;;;;6;4;;7;;9;2;;;1;73
2020;4401;Arbon;9;2;;;1;;20;;;4;;13;2;;20;1;10;4;;;;86
2008;4536;Basadingen-Schlattingen;5;;;1;1;;;;;4;1;;;;;;1;;;;;13
2009;4536;Basadingen-Schlattingen;8;;;1;;;;;;2;;;;;;;;;;;2;13
2010;4536;Basadingen-Schlattingen;9;;2;;;1;1;1;;;;;;;;;1;;;;1;16
2011;4536;Basadingen-Schlattingen;2;;1;;1;;1;;;3;3;;;;;;;;;;;11
2012;4536;Basadingen-Schlattingen;7;1;2;3;;1;3;;;5;6;;;;;;1;;;;;29
2013;4536;Basadingen-Schlattingen;3;;;1;2;;1;2;;2;5;;;;;;2;;;;1;19
2014;4536;Basadingen-Schlattingen;6;;;;1;;;;;4;4;;;;;;;;;;;15
2015;4536;Basadingen-Schlattingen;1;;;;2;;2;;;;1;;;;;;;;;;5;11
2016;4536;Basadingen-Schlattingen;5;;;;1;;2;;;;;;;;;;;;;;3;11
2017;4536;Basadingen-Schlattingen;2;;;1;;;3;;;5;;1;;;;;;;;;1;13
2018;4536;Basadingen-Schlattingen;4;;;;1;;3;;;1;;2;;;;;;;;;2;13
2019;4536;Basadingen-Schlattingen;1;;;;1;;3;;;2;;1;;;3;;1;;;;;12
2020;4536;Basadingen-Schlattingen;4;;;;1;;6;;;;;2;;;3;;2;;;;;18
2008;4891;Berg (TG);1;;;1;;1;;;;1;;;;;;;1;;;;;5
2009;4891;Berg (TG);13;;;2;2;;;;;8;;;;;;;5;;;;1;31
2010;4891;Berg (TG);18;;;3;;;;;;6;1;;;1;;;5;;;;;34
2011;4891;Berg (TG);12;;;2;;;1;1;;7;2;;1;;;;;;;;;26
2012;4891;Berg (TG);8;;;6;;;;;;7;8;;;;;;;;;;;29
2013;4891;Berg (TG);6;;;4;1;;1;;;9;2;;2;1;;;2;1;;;;29
2014;4891;Berg (TG);7;;1;;;;2;;;2;2;;;;;;1;;;;;15
2015;4891;Berg (TG);3;1;;;2;;1;;;3;1;;;1;;;4;1;;;4;21
2016;4891;Berg (TG);6;;;;;;6;;;;;;;;;;;;;;2;14
2017;4891;Berg (TG);10;1;;3;;;1;;;2;;;;;;;4;;;;2;23
2018;4891;Berg (TG);8;;;;1;;2;;;1;;2;;;;;3;1;;;5;23
2019;4891;Berg (TG);3;1;;;1;;5;;;1;;3;;;2;;3;;;;1;20
2020;4891;Berg (TG);2;2;;;;1;7;;;;;3;;;6;;3;;;;;24
2008;4801;Berlingen;;;;;;;;;;1;;;;;;;;;;;;1
2009;4801;Berlingen;3;;;;;;1;;;;;;;;;;2;;;;;6
2010;4801;Berlingen;2;;;;;;;;;;;;;;;;1;;;;;3
2011;4801;Berlingen;4;;;2;;;2;;;1;2;;;;;;2;;;;;13
2012;4801;Berlingen;3;1;;4;;;1;;;1;1;;;;;;;;;;;11
2013;4801;Berlingen;3;;;1;;;1;;;;2;;;;;;;;;;;7
2014;4801;Berlingen;6;;;;;;;;;;1;;;;;;1;;;;;8
2015;4801;Berlingen;2;1;1;;1;;;;;1;;;;;;;1;;;;2;9
2016;4801;Berlingen;1;;;;1;;1;;;;;;;;;;;;;;;3
2017;4801;Berlingen;2;1;;;;;;;;1;;;;;;;2;;;;;6
2018;4801;Berlingen;;;;;;;1;;;;;1;1;;;;2;;;;1;6
2019;4801;Berlingen;;1;;;;;;;;;;;;;1;;2;;;;;4
2020;4801;Berlingen;1;2;;;;;1;;;;;;1;;2;;;;;;;7
2008;4716;Bettwiesen;1;;;;1;;;;;1;;;;;;;;;;;;3
2009;4716;Bettwiesen;1;;;1;;;2;;;1;;;;;;;;;;;;5
2010;4716;Bettwiesen;1;;;1;2;1;1;;;;;;;;;;2;;;;;8
2011;4716;Bettwiesen;5;;;1;;;;;;2;;;;;;;;;;;;8
2012;4716;Bettwiesen;2;;;1;;;2;;;;6;;;;;;;;;;;11
2013;4716;Bettwiesen;1;1;;2;;;;;;;3;;;;;;1;;;;;8
2014;4716;Bettwiesen;3;;;;;;2;;;4;4;;;;;;;;;;;13
2015;4716;Bettwiesen;;;;;;;;;;1;;;;;;;;;;;;1
2016;4716;Bettwiesen;5;;;;;;;;;;;;;;;;;;;;1;6
2017;4716;Bettwiesen;2;;;2;;;;;;;;2;;;;;;;;;2;8
2018;4716;Bettwiesen;2;;;;1;;;;;;;;;;;;1;;;;;4
2019;4716;Bettwiesen;;;1;;1;;;;;;;1;;;2;;;;;;;5
2020;4716;Bettwiesen;1;1;;;;;2;;;;;2;;;5;;4;;;;;15
2008;4721;Bichelsee-Balterswil;3;;;;2;;1;3;;6;1;;;;;;2;;;;;18
2009;4721;Bichelsee-Balterswil;12;;;1;3;;3;;;10;;;;;;;3;;;;2;34
2010;4721;Bichelsee-Balterswil;8;;1;1;;;1;2;;2;5;;;;;;;;;;1;21
2011;4721;Bichelsee-Balterswil;10;;1;1;1;1;3;13;;2;1;;;;;;1;;;;;34
2012;4721;Bichelsee-Balterswil;7;1;;;1;;5;53;;3;2;;;1;;;1;;;;;74
2013;4721;Bichelsee-Balterswil;11;;;;1;;1;8;;3;6;;;;;;;;;;;30
2014;4721;Bichelsee-Balterswil;7;1;1;1;;;3;8;;5;;;2;;;;;;;;;28
2015;4721;Bichelsee-Balterswil;5;;;;1;1;;6;;;2;;1;;;;3;;;;2;21
2016;4721;Bichelsee-Balterswil;1;;;;2;;;1;;;;;;;;;1;1;;;5;11
2017;4721;Bichelsee-Balterswil;8;1;;;1;;4;3;;;;;1;;;;1;;;;6;25
2018;4721;Bichelsee-Balterswil;4;;;;2;;7;1;;;;2;;;;;;;;;7;23
2019;4721;Bichelsee-Balterswil;2;2;;;;;10;10;1;;;2;;;7;;2;;;;;36
2020;4721;Bichelsee-Balterswil;3;;;1;;;7;2;;;;3;;;6;;;;;;;22
2008;4901;Birwinken;;;;;1;;;;;4;1;;;;;;2;;;;;8
2009;4901;Birwinken;1;;;;;;;;;1;1;;;;;;1;;;;;4
2010;4901;Birwinken;4;1;;;;;1;;;4;3;;;;;;2;;;;;15
2011;4901;Birwinken;1;;;;1;;4;1;;2;2;;;;;;2;;;;;13
2012;4901;Birwinken;3;;;2;2;;;1;;1;4;;;;;;;;;;;13
2013;4901;Birwinken;1;1;;;;;;1;;;8;;;;;;1;;;;;12
2014;4901;Birwinken;3;1;;;1;2;2;17;;1;1;;;;;;1;;;;;29
2015;4901;Birwinken;2;;;;;;3;;;1;1;;;;;;1;;;;1;9
2016;4901;Birwinken;4;;2;;1;;;2;;1;;;;;;;;;;;4;14
2017;4901;Birwinken;;2;;;;;;;;;;;;;;;;;;;3;5
2018;4901;Birwinken;5;;;;;;3;1;;;;3;;;;;2;;;;;14
2019;4901;Birwinken;2;1;;;1;;3;2;;;;;;;3;;3;2;;;;17
2020;4901;Birwinken;1;;;;1;;1;;;;;3;;;3;;3;;;;;12
2008;4471;Bischofszell;4;;;;3;;;1;;4;;;;;;;1;;;;;13
2009;4471;Bischofszell;15;;;1;3;;4;2;;4;2;;;;;;5;;;;2;38
2010;4471;Bischofszell;25;1;;;1;1;4;2;;4;2;;;;;;8;;;;;48
2011;4471;Bischofszell;16;2;1;2;1;;3;1;;5;3;;;;;;8;;;;;42
2012;4471;Bischofszell;23;2;;5;2;2;3;2;;2;8;;;;;;10;;;;;59
2013;4471;Bischofszell;8;2;;2;1;;5;;;3;5;;2;;;;6;;;;;34
2014;4471;Bischofszell;10;9;;5;1;;3;;;4;1;;2;;;;6;;;;;41
2015;4471;Bischofszell;8;2;;;1;;3;;;1;;;3;;;;;2;;;;20
2016;4471;Bischofszell;11;3;;;2;;5;;;3;;;2;;;;1;2;;;;29
2017;4471;Bischofszell;19;;;;;;9;;;3;;9;2;;;;8;;;;4;54
2018;4471;Bischofszell;12;6;;;;2;15;;;;1;8;4;;;;9;;;;5;62
2019;4471;Bischofszell;2;2;;;1;;9;;;1;;3;1;;5;;8;1;;;1;34
2020;4471;Bischofszell;6;1;;;;;9;;;1;;7;;;12;;8;1;;;;45
2008;4643;Bottighofen;;;;1;3;;;;;2;;;2;;;;4;;;;;12
2009;4643;Bottighofen;3;;;;;;1;;;5;;;;;;;1;;;;;10
2010;4643;Bottighofen;5;;;1;;;2;;;2;1;;;;;;2;;;;;13
2011;4643;Bottighofen;5;;;3;;;1;;;3;;;;;;;3;;;;;15
2012;4643;Bottighofen;5;1;;2;;;2;;;6;1;;;;;;4;;;;;21
2013;4643;Bottighofen;2;;1;5;;;;;;1;1;;;;;;;;;;;10
2014;4643;Bottighofen;2;1;;1;;;1;;;3;3;;;;;;1;;;;;12
2015;4643;Bottighofen;4;;;1;;;;;;1;1;;;;;;1;;;;;8
2016;4643;Bottighofen;4;;;;;;2;;;;;1;;;;;1;;;;7;15
2017;4643;Bottighofen;5;1;;1;;;;;;1;;;;;;;4;;;;3;15
2018;4643;Bottighofen;8;;;;;;1;;;3;;1;;;;;2;;;;5;20
2019;4643;Bottighofen;4;1;;;;;5;;;;;1;;;5;;2;;;;;18
2020;4643;Bottighofen;1;;1;;;;6;;;;;3;;;11;;2;;;;;24
2008;4723;Braunau;1;;;;;;;;;4;;;;;;;;;;;;5
2009;4723;Braunau;2;;;1;1;;;;;;;;;;;;;;;;;4
2010;4723;Braunau;5;;;;1;;;;;;1;;;;;;1;;;;;8
2011;4723;Braunau;2;;;2;2;;;;;2;1;;;;;;;;;;;9
2012;4723;Braunau;1;;;1;1;;;;;;2;;;;;;;;;;;5
2013;4723;Braunau;;;1;;;;1;;;;2;;;;;;;;;;;4
2014;4723;Braunau;;;;1;1;;;;;1;;;;;;;;;;;;3
2015;4723;Braunau;;1;;;;;1;2;;;;;;;;;;;;;;4
2016;4723;Braunau;;;;;1;;1;;;;;;;;;;;;;;1;3
2017;4723;Braunau;2;;;;;;;;;;;5;;;;;;;;;;7
2018;4723;Braunau;;;1;;;;2;;;;;2;;;;;2;;;;1;8
2019;4723;Braunau;2;;;;;;3;;;;;2;;;;;;;;;;7
2020;4723;Braunau;1;1;;;1;;2;;;;;1;;;;;;;;;;6
2008;4911;BÅrglen (TG);1;;;;1;;;;;3;;;;;;;;;;;;5
2009;4911;BÅrglen (TG);6;;;;;;1;;;3;1;;;;;;5;;;;;16
2010;4911;BÅrglen (TG);10;;;;;;;;;4;;;;;;;2;;;;;16
2011;4911;BÅrglen (TG);12;1;;2;;;1;;;6;4;;1;;;;5;;;;;32
2012;4911;BÅrglen (TG);10;3;;2;;;1;;;2;3;;;;;;2;;;;;23
2013;4911;BÅrglen (TG);9;;;1;;;1;;;5;3;;;;;;;;;;;19
2014;4911;BÅrglen (TG);10;;;;;;;;;1;2;;;;;;1;;;;;14
2015;4911;BÅrglen (TG);5;3;;1;1;;3;;;;2;;;;;;;;1;;1;17
2016;4911;BÅrglen (TG);10;;;1;;;2;;;2;;;1;;;;;;;;1;17
2017;4911;BÅrglen (TG);6;1;;;;;3;;;1;;3;;;;;3;;;;5;22
2018;4911;BÅrglen (TG);9;;;;2;;6;;;;;2;;;;;4;;;;5;28
2019;4911;BÅrglen (TG);4;;;;1;;2;;;;;2;;;7;;5;;;;;21
2020;4911;BÅrglen (TG);3;1;;;;;7;;;;;6;;;3;;4;;;;;24
2008;4921;Bussnang;2;;;;2;;;;;4;;;;;;;;;;;;8
2009;4921;Bussnang;4;;;;5;;;2;;4;1;;;;;;3;;;;1;20
2010;4921;Bussnang;9;;;4;1;;1;2;;7;1;;;;;;4;;;;;29
2011;4921;Bussnang;7;1;;1;1;1;1;;;2;1;;;;;;2;;;;;17
2012;4921;Bussnang;9;;;2;2;;1;1;;1;;;;;;;5;1;;;;22
2013;4921;Bussnang;3;2;2;2;1;;1;;;3;11;;;;;;1;;;;;26
2014;4921;Bussnang;9;1;;;;;2;;;4;;;1;;;;3;1;;;;21
2015;4921;Bussnang;2;;;;1;;1;;;;;;;;;;1;;;;;5
2016;4921;Bussnang;6;;;;1;;4;;;1;;;3;;;;;1;;;;16
2017;4921;Bussnang;5;;1;;;;2;;;3;;;1;;;;1;1;;;5;19
2018;4921;Bussnang;4;2;;;1;;8;;;1;;2;6;;;;5;;;;7;36
2019;4921;Bussnang;7;3;;;1;;7;;;;;3;1;;1;;4;1;;;;28
2020;4921;Bussnang;1;;;;2;;10;;;2;;2;;;2;;3;;;;;22
2008;4545;Diessenhofen;;;;3;;;;;;6;1;;;;;;4;;;;;14
2009;4545;Diessenhofen;4;;1;2;2;;3;;;2;1;;;;;;;;;;1;16
2010;4545;Diessenhofen;14;;;3;;;1;;;1;;;;;;;2;;;;;21
2011;4545;Diessenhofen;8;;;7;1;;1;;;5;1;;;;;;1;;;;;24
2012;4545;Diessenhofen;4;;;3;2;;4;;;3;7;;;;;;3;;;;;26
2013;4545;Diessenhofen;3;;;1;;;;;;2;10;;;;;;1;;;;;17
2014;4545;Diessenhofen;5;1;;3;;;2;;;1;3;;1;;;;;;;;;16
2015;4545;Diessenhofen;2;;;;;1;;;;2;;;;;;;;;;;;5
2016;4545;Diessenhofen;3;1;;;1;;2;;;;;;1;;;;1;1;;;2;12
2017;4545;Diessenhofen;4;1;;;;;;;;1;1;5;2;;;;2;1;;;1;18
2018;4545;Diessenhofen;4;;;4;;;4;;;;;;1;;;;1;;;;;14
2019;4545;Diessenhofen;4;1;;3;;;4;;;1;;1;;;2;;3;;;;;19
2020;4545;Diessenhofen;;2;;;;;6;;;1;;;;;9;;4;;;;;22
2008;4406;Dozwil;;;;;;;;;;;;;;;;;;;;;;0
2009;4406;Dozwil;2;;;;1;;1;;;1;2;;;;;;;;;;;7
2010;4406;Dozwil;4;;;3;;;1;;;;3;;;;;;;;;;;11
2011;4406;Dozwil;3;;;1;;;1;;;;4;;;;;;;;;;;9
2012;4406;Dozwil;4;;;;;;;;;1;2;;;;;;;;;;;7
2013;4406;Dozwil;;;;;1;1;;2;;;2;;;;;;;;;;;6
2014;4406;Dozwil;3;;;;1;;;1;;;2;;;;;;;;;;;7
2015;4406;Dozwil;;;;1;;;;;;;;;;;;;;;;;;1
2016;4406;Dozwil;3;;;1;;;;;;;;;1;;;;;;1;;2;8
2017;4406;Dozwil;2;;;;;;1;;;;;1;1;;;;;1;;;;6
2018;4406;Dozwil;;;;;;;2;;;;;2;1;;;;;;;;;5
2019;4406;Dozwil;2;;;;;;1;;;;;1;;;1;;;1;;;1;7
2020;4406;Dozwil;;;;;;;;;;;;6;;;4;;1;1;;;;12
2008;4411;Egnach;3;;;1;3;;;;;5;;;;;;;2;;;;;14
2009;4411;Egnach;10;;;2;2;1;4;;;4;1;;;;;;2;;;;4;30
2010;4411;Egnach;17;;1;2;4;;4;;;9;;;;;;;3;;;;;40
2011;4411;Egnach;29;1;;3;1;;4;;;5;10;;;;;;2;;;;;55
2012;4411;Egnach;12;1;1;6;4;;5;;;8;10;;1;;;;;;;;;48
2013;4411;Egnach;11;2;;3;;1;;;;3;14;;;;;;;1;;;;35
2014;4411;Egnach;7;1;;7;3;;3;3;;1;3;;;;;;;;;;;28
2015;4411;Egnach;11;;;3;;;2;;;3;;1;1;;;;1;;;;1;23
2016;4411;Egnach;4;2;;;;;4;4;;3;;1;;;;;3;;;;2;23
2017;4411;Egnach;12;1;;;1;;2;;;;;2;;;;;3;;;;4;25
2018;4411;Egnach;16;1;;;2;;6;3;;1;;8;;;;;5;;;;3;45
2019;4411;Egnach;5;4;;1;1;;10;;;;;7;;;4;;3;;;;;35
2020;4411;Egnach;;1;1;1;2;;10;;;3;;9;;;9;;5;2;;;;43
2008;4476;Erlen;3;;;;;;;;;3;2;;;;;;4;;;;;12
2009;4476;Erlen;7;;;1;4;;2;;;2;2;;;1;;;1;;;;1;21
2010;4476;Erlen;11;;;;1;;2;;;5;2;;;;;;2;;;;;23
2011;4476;Erlen;6;;;5;2;;2;;;3;1;;;;;;2;;;;;21
2012;4476;Erlen;9;2;1;2;;;4;;;5;3;;;;;;2;;;;;28
2013;4476;Erlen;6;1;;2;1;;4;;;;4;;;;;;1;;;;;19
2014;4476;Erlen;7;1;1;5;3;;1;;;4;2;;2;;;;1;;;;;27
2015;4476;Erlen;2;1;;;;;1;;;3;;;2;;;;1;;;;;10
2016;4476;Erlen;5;;1;;1;;1;1;;1;;1;2;;;;;;;;3;16
2017;4476;Erlen;3;;;;1;;3;;;;;4;3;;;;2;1;;;4;21
2018;4476;Erlen;3;1;;;2;;4;;;1;;1;1;;;;5;;;;4;22
2019;4476;Erlen;7;1;;;2;;4;;;;;3;;;1;;4;;;;;22
2020;4476;Erlen;7;1;;;;;8;;;1;;6;1;;1;;4;;;;;29
2008;4646;Ermatingen;;;1;;;;;;;3;;;;;;;1;;;;;5
2009;4646;Ermatingen;9;;;5;;;;;;;;;;;;;3;;;;;17
2010;4646;Ermatingen;13;;;;1;;1;;;1;1;;;;;;6;;;;;23
2011;4646;Ermatingen;17;;;7;1;;1;;;3;1;;;1;;;2;;;;;33
2012;4646;Ermatingen;14;;;4;2;;3;2;;7;9;;;;;;2;;;;;43
2013;4646;Ermatingen;8;;1;1;1;1;;;;4;4;;;;;;1;1;1;;;23
2014;4646;Ermatingen;9;1;;1;;;;1;;2;2;;;;;;;;;;;16
2015;4646;Ermatingen;2;;;;;;1;;;1;1;;;;;;1;;;;1;7
2016;4646;Ermatingen;9;1;;;;1;2;1;;;;;2;;;;;1;;;1;18
2017;4646;Ermatingen;5;;;;1;;;4;;;;1;2;;;;;;;;1;14
2018;4646;Ermatingen;3;;;8;;;2;4;;1;;;;;;;2;;;;3;23
2019;4646;Ermatingen;5;;1;;;;2;;;1;;5;;;9;1;;;;;1;25
2020;4646;Ermatingen;2;1;;1;1;1;5;1;;;;4;1;1;12;1;3;;;;;34
2008;4806;Eschenz;3;;;;;;;;;5;;;;;;;;;;;1;9
2009;4806;Eschenz;1;;;;;;1;1;;2;2;;;;;;1;;;;1;9
2010;4806;Eschenz;4;;1;1;1;;;;;2;3;;;;;;3;;;;;15
2011;4806;Eschenz;4;1;;1;;;;;;3;1;;;;;;;;;;;10
2012;4806;Eschenz;8;;;;;1;1;8;;3;1;;;1;;;;;;;;23
2013;4806;Eschenz;;1;;1;;;;1;;1;1;;;;;;1;;;;;6
2014;4806;Eschenz;4;1;;;;;1;1;;1;;;;;;;;1;;;;9
2015;4806;Eschenz;4;;;;1;;;;;1;1;;;;;;1;1;;;;9
2016;4806;Eschenz;4;;;1;;;1;5;;;;1;;;;;;;;;4;16
2017;4806;Eschenz;5;;;;;;2;;;;;;;;;;2;;;;1;10
2018;4806;Eschenz;1;;;;;;2;7;1;;;3;;;;;2;;;;1;17
2019;4806;Eschenz;2;1;;;1;;2;;1;;;;;;2;;1;;;;;10
2020;4806;Eschenz;3;;;;;;2;1;;1;;2;;;4;;1;;;;;14
2008;4724;Eschlikon;3;;;4;;2;;;;7;2;;;;;;1;;;;;19
2009;4724;Eschlikon;16;;;2;1;;5;6;;6;1;;;;;;;;;;2;39
2010;4724;Eschlikon;10;1;;4;1;;3;;;7;6;;;;;;;;;;;32
2011;4724;Eschlikon;16;2;;3;;;;5;;1;7;;;1;;;4;;1;;;40
2012;4724;Eschlikon;17;2;;15;;1;;;;8;3;;1;2;;;2;;;;;51
2013;4724;Eschlikon;11;3;1;7;;;2;;;3;11;;;;;;1;2;;;;41
2014;4724;Eschlikon;3;;;5;;;1;;;3;1;;;;;;2;;;;;15
2015;4724;Eschlikon;5;;;;1;;;2;;;;;1;;;;2;2;;;10;23
2016;4724;Eschlikon;6;1;1;;;;;1;;2;;;3;;;;;1;;;2;17
2017;4724;Eschlikon;10;;;;;;;;;1;;5;2;;;;;;;;6;24
2018;4724;Eschlikon;3;;;;1;;3;8;1;1;;7;4;;;;1;;;;3;32
2019;4724;Eschlikon;4;;;;;;6;16;1;1;;;2;;6;;2;1;;;;39
2020;4724;Eschlikon;3;1;;;;;6;5;;1;;4;;;4;1;3;;;;;28
2008;4561;Felben-Wellhausen;;;;1;2;;;1;;4;;;;;;;1;;;;;9
2009;4561;Felben-Wellhausen;5;;;;2;;;;;3;2;;;;;;;;;;;12
2010;4561;Felben-Wellhausen;6;;;1;;;;;;3;1;;;;;;;;;;;11
2011;4561;Felben-Wellhausen;5;;;3;;1;;;;1;2;;;1;;;1;;;;;14
2012;4561;Felben-Wellhausen;5;1;;;;;1;16;;2;2;;1;;;;5;;;;;33
2013;4561;Felben-Wellhausen;1;;;3;;1;1;10;;;5;;1;;;;1;;;;;23
2014;4561;Felben-Wellhausen;2;1;;2;;;;4;;;2;;;;;;;;;;;11
2015;4561;Felben-Wellhausen;;;;;;;;3;;;;;;;;;;;;;;3
2016;4561;Felben-Wellhausen;3;;;;;;4;2;;1;;;;;;;;1;;;3;14
2017;4561;Felben-Wellhausen;3;;;;;;;;;;;2;;;;;;;;;2;7
2018;4561;Felben-Wellhausen;3;;;;;;4;3;;;;3;1;;;;2;;;;1;17
2019;4561;Felben-Wellhausen;1;1;;;;;4;2;;;;;;;;;2;;;;;10
2020;4561;Felben-Wellhausen;1;;;;;;6;;;1;;3;2;;4;;1;;;;;18
2008;4726;Fischingen;1;;;1;3;1;1;3;;4;;;;;;;1;;;;1;16
2009;4726;Fischingen;12;;;1;1;1;3;1;;3;4;;;;;;1;;;;1;28
2010;4726;Fischingen;11;;;2;2;1;3;3;;6;6;;;1;;;1;;;;;36
2011;4726;Fischingen;12;;;1;3;;1;2;;6;1;;;;;;1;;;;;27
2012;4726;Fischingen;9;;;2;5;;2;1;;11;7;;;;;;1;;;;;38
2013;4726;Fischingen;7;3;1;5;1;;1;2;;6;7;;;;;;;;;;;33
2014;4726;Fischingen;4;;;;1;1;1;1;;1;1;;1;;;;;;;;1;12
2015;4726;Fischingen;3;;;1;;;1;12;;4;;;;;;;1;1;;1;3;27
2016;4726;Fischingen;3;;;1;;2;1;5;;1;;;;;;;;1;;;3;17
2017;4726;Fischingen;5;;;;1;;4;3;;;;2;;;;;1;1;;;4;21
2018;4726;Fischingen;5;;;1;;;6;1;;;;;1;1;;;4;;;;3;22
2019;4726;Fischingen;5;1;;;1;;3;6;;2;;4;;;3;;3;2;;;;30
2020;4726;Fischingen;4;;;;2;;13;2;;1;;5;;;3;;5;;;;;35
2008;4566;Frauenfeld;13;;1;19;4;;;;;19;4;;;;;;6;;;;1;67
2009;4566;Frauenfeld;43;;;2;2;3;6;3;;20;6;;;;;;6;;;;;91
2010;4566;Frauenfeld;69;1;;17;2;;11;2;;29;3;;;;;;16;;;;;150
2011;4566;Frauenfeld;69;4;;22;2;1;8;2;;31;8;;1;3;;;18;;;;;169
2012;4566;Frauenfeld;41;8;7;17;;;5;1;;21;22;;;1;;;15;2;;;;140
2013;4566;Frauenfeld;44;4;3;24;;;11;;;18;32;;1;;;;9;2;1;;;149
2014;4566;Frauenfeld;40;3;3;38;1;;7;;;14;14;;;1;;;15;1;1;;;138
2015;4566;Frauenfeld;29;3;;8;;1;11;;;5;4;;1;;;;6;;;;2;70
2016;4566;Frauenfeld;38;3;1;19;;1;8;1;;7;;5;2;1;;;6;8;2;;15;117
2017;4566;Frauenfeld;42;1;;3;;;3;;;4;1;18;8;;;;15;;;;20;115
2018;4566;Frauenfeld;38;1;1;;;;6;;;3;;37;13;1;;;22;1;;;20;143
2019;4566;Frauenfeld;35;3;1;3;;;7;;;;;24;8;2;29;1;28;;;;1;142
2020;4566;Frauenfeld;30;10;1;1;1;;26;;;;;31;3;;39;2;37;;;;;181
2008;4571;Gachnang;1;;1;;1;;;;;13;2;;;;;;3;;;;;21
2009;4571;Gachnang;8;;;5;1;;6;;;6;1;;;;;;1;;1;;1;30
2010;4571;Gachnang;16;;;5;;;5;;;4;1;;;;;;5;;;;;36
2011;4571;Gachnang;17;1;;7;;;4;;;5;9;;;;;;1;;;;;44
2012;4571;Gachnang;5;;;10;;1;;;;7;7;;;;;;1;;;;;31
2013;4571;Gachnang;8;;1;1;;;1;;;3;5;;;;;;1;;;;;20
2014;4571;Gachnang;10;3;1;1;1;;1;;;2;1;;1;;;;1;;;;;22
2015;4571;Gachnang;5;1;;8;1;;1;;;1;;;;;;;1;;;;2;20
2016;4571;Gachnang;6;;;1;;1;3;;;;;;;;;;3;2;1;;3;20
2017;4571;Gachnang;8;;;;;;2;;;1;;5;;;;;3;1;;;7;27
2018;4571;Gachnang;3;;;1;;;8;;;;;7;;;;;4;;;;2;25
2019;4571;Gachnang;6;1;;1;;;4;;;1;;2;;;8;;1;;;;;24
2020;4571;Gachnang;1;;;1;;;13;5;1;;;2;;;12;1;5;;;;;41
2008;4651;Gottlieben;;;;;;;;;;1;;;;;;;1;;;;;2
2009;4651;Gottlieben;3;;;;;;;;;;;;;;;;;;;;;3
2010;4651;Gottlieben;2;;;;;;;;;;;;;;;;;;;;;2
2011;4651;Gottlieben;;;;;;;;;;;;;;;;;;;;;;0
2012;4651;Gottlieben;1;;;3;;;;;;;;;;;;;;;;;;4
2013;4651;Gottlieben;;;;;;;;;;;;;;;;;;;;;;0
2014;4651;Gottlieben;1;1;;;;;;;;;2;;;;;;;;;;;4
2015;4651;Gottlieben;;;;;;;;;;;;;;;;;;;;;;0
2016;4651;Gottlieben;1;;;;;;;;;;;;;;;;;;;;;1
2017;4651;Gottlieben;;;;;;;;;;;;;;;;;;;;;;0
2018;4651;Gottlieben;1;;;;;;;;;;;;;;;;;;;;;1
2019;4651;Gottlieben;;;;;;;;;;;;;;;;;1;;;;;1
2020;4651;Gottlieben;1;;;;;;;;;;;;;;;;;;;;;1
2008;4656;GÅttingen;1;;;;2;;;1;;3;1;;;;;;;;;;;8
2009;4656;GÅttingen;3;;1;1;1;1;3;;;3;;;;;;;2;;;;;15
2010;4656;GÅttingen;5;;4;1;;1;;3;;4;;;;;;;2;;;;;20
2011;4656;GÅttingen;7;;;3;;;1;;;2;1;;;1;;;;;;;;15
2012;4656;GÅttingen;6;;;3;;;1;;;7;3;;;;;;;;;;;20
2013;4656;GÅttingen;2;;;;;;4;;;1;5;;;;;;1;;;;;13
2014;4656;GÅttingen;6;1;;1;;;;1;;2;3;;;;;;;;;;;14
2015;4656;GÅttingen;2;;;3;1;;1;;;;2;;;;;;1;;;;5;15
2016;4656;GÅttingen;3;;;;1;;;;;;;;;1;;;;;;;;5
2017;4656;GÅttingen;6;;;;;;3;;;;;1;;;;;;1;;;3;14
2018;4656;GÅttingen;;;;;1;;1;;;;;;;;;;1;;;;1;4
2019;4656;GÅttingen;1;;;;1;;2;;;;;;;;4;;1;;;;;9
2020;4656;GÅttingen;3;1;;;;;2;;;;;1;;;3;;1;1;;;;12
2008;4486;Hauptwil-Gottshaus;1;;;;2;;;1;;1;;;;;;;;;;;;5
2009;4486;Hauptwil-Gottshaus;5;;;2;1;;4;1;;3;1;;;;;;3;;;;2;22
2010;4486;Hauptwil-Gottshaus;8;;;1;;;1;;;4;2;;;;;;;;;;;16
2011;4486;Hauptwil-Gottshaus;15;1;;3;1;1;1;;;3;3;;;;;;;;;;;28
2012;4486;Hauptwil-Gottshaus;7;1;;4;;;;;;3;4;;;;;;1;;;;;20
2013;4486;Hauptwil-Gottshaus;6;2;;1;1;;2;;;1;7;;;;;;;;;;;20
2014;4486;Hauptwil-Gottshaus;6;;;1;;;1;;;3;1;;;;;;;;;;;12
2015;4486;Hauptwil-Gottshaus;2;;;;1;;3;1;;1;1;;1;;;;;;;;1;11
2016;4486;Hauptwil-Gottshaus;3;;1;;1;1;3;;;;;;1;;;;3;;;;1;14
2017;4486;Hauptwil-Gottshaus;5;;;;;;7;;;;;1;1;;;;1;;;;2;17
2018;4486;Hauptwil-Gottshaus;8;;;;;;4;;;1;;2;1;;;;1;;;;2;19
2019;4486;Hauptwil-Gottshaus;1;;;;;;8;;;;;2;;;2;;4;;;;;17
2020;4486;Hauptwil-Gottshaus;2;3;;;;;10;;;;;2;;;3;;4;;;;;24
2008;4416;Hefenhofen;;;;;2;;;;;1;;;;;;;1;;;;;4
2009;4416;Hefenhofen;1;;;;;;1;;;3;;;;;;;3;;;;;8
2010;4416;Hefenhofen;5;;;1;;1;2;6;;2;;;;;;;4;;;;;21
2011;4416;Hefenhofen;6;;;2;;;;;;1;2;;;;;;3;;;;;14
2012;4416;Hefenhofen;5;;;1;1;;;1;;;;;;;;;1;;;;;9
2013;4416;Hefenhofen;4;;;1;;;2;;;1;12;;;;;;2;;;;;22
2014;4416;Hefenhofen;2;;;;;;1;;;;2;;;;;;;;;;;5
2015;4416;Hefenhofen;1;1;1;2;;;;;;;;;1;;;;;1;;;;7
2016;4416;Hefenhofen;3;;1;;;;1;;;;;;;;;;1;;;;;6
2017;4416;Hefenhofen;3;1;;;;;3;;;;;1;;;;;1;;;;2;11
2018;4416;Hefenhofen;4;;;;;;3;;;;;1;;;;;;;;;2;10
2019;4416;Hefenhofen;;;;;1;;5;;;;;1;;;;;3;;;;1;11
2020;4416;Hefenhofen;2;1;;;;;5;;;;;1;;;;;;;;;;9
2008;4811;Herdern;1;;;1;1;;;;;2;3;;;;;;;;;;1;9
2009;4811;Herdern;1;;;;;1;;7;;1;1;;;;;;1;;;;;12
2010;4811;Herdern;2;;;2;;1;1;5;;1;;;;;;;1;;;;;13
2011;4811;Herdern;;;;;1;;;1;;;3;;;;;;;;;;;5
2012;4811;Herdern;1;1;;2;1;;2;;;;5;;;;;;2;;;;;14
2013;4811;Herdern;1;;;2;;;;;;;3;;;;;;;;;;;6
2014;4811;Herdern;3;1;;;;;2;;;;3;;;;;;;;;;;9
2015;4811;Herdern;;;;;;;1;3;;1;;;;;;;;;;;1;6
2016;4811;Herdern;2;;1;;2;;2;;;2;;;;;;;1;;;;1;11
2017;4811;Herdern;;;;2;;;;6;;1;;1;;;;;2;1;;;1;14
2018;4811;Herdern;7;1;;10;2;1;2;5;;;;8;;;;;;;;1;3;40
2019;4811;Herdern;1;;;;2;;3;1;;1;;6;;;1;;1;;1;;;17
2020;4811;Herdern;1;;;;;;6;1;;;;3;;1;4;;1;;;;1;18
2008;4495;Hohentannen;;;;;1;;;;;1;8;;;;;;;;;;;10
2009;4495;Hohentannen;1;;;;;1;;30;;;6;;;;;;;;;;;38
2010;4495;Hohentannen;1;;;1;;;;3;;3;2;;;;;;;;;;;10
2011;4495;Hohentannen;3;;;;;;;1;;;;;;;;;;;;;;4
2012;4495;Hohentannen;1;1;;;1;;;1;;;4;;;;;;;;;;;8
2013;4495;Hohentannen;4;;;;;;;;;1;;;;;;;;;;;;5
2014;4495;Hohentannen;1;;;1;;;;;;2;1;;;;;;;;;;;5
2015;4495;Hohentannen;1;;;;;1;;3;;2;;;;;;;;;;;;7
2016;4495;Hohentannen;1;;;;;;;1;;1;;;;;;;;;;;;3
2017;4495;Hohentannen;;1;;;;;;;;;;1;;;;;2;;;;;4
2018;4495;Hohentannen;2;;;;;;1;2;;;;1;;;;;;;;;;6
2019;4495;Hohentannen;2;;;;2;;;1;;;;2;;;;;2;;;;;9
2020;4495;Hohentannen;;;;;;;3;1;;;;1;;;;;;;;;;5
2008;4816;Homburg;3;;;1;3;;;1;;5;2;;;;;;;;;;1;16
2009;4816;Homburg;4;;;1;4;;1;2;;3;1;;;;;;1;;;;;17
2010;4816;Homburg;6;;;;;3;3;2;;2;2;;;;;;;;;;;18
2011;4816;Homburg;9;;;2;;;4;5;;1;;;;;;;;;;;;21
2012;4816;Homburg;4;1;;1;1;1;;;;1;2;;;;;;3;;;;;14
2013;4816;Homburg;7;;;;;;1;;;;2;;;;;;;;;;;10
2014;4816;Homburg;5;;;1;;1;4;;;;2;;;;;;;;;;;13
2015;4816;Homburg;;2;;;;2;3;14;;;;;;;;;;1;;;;22
2016;4816;Homburg;3;;;;;;;5;;;;;;;;;;;;;2;10
2017;4816;Homburg;;2;;;2;;5;1;;1;;2;1;;;;;;;;1;15
2018;4816;Homburg;4;;;;3;;2;;;;;2;1;;;;1;;;;1;14
2019;4816;Homburg;3;;;;1;;5;6;2;1;;;;;2;;3;;;;;23
2020;4816;Homburg;1;1;;;2;;5;5;1;;;4;;;2;;2;;;;;23
2008;4421;Horn;1;;;;1;;;;;1;1;;;;;;;;;;;4
2009;4421;Horn;4;;;;;;;;;3;1;;;;;;;;;;;8
2010;4421;Horn;3;;;1;;;;;;;;;;;;;1;;;;;5
2011;4421;Horn;5;;;1;1;1;1;;;;1;;;;;;2;;;;;12
2012;4421;Horn;10;1;;1;;;;36;;2;1;;;;;;1;;;;;52
2013;4421;Horn;5;1;;;;1;;;;1;;;1;;;;2;;;;;11
2014;4421;Horn;6;1;;;;;;6;;2;;;;;;;;;;;;15
2015;4421;Horn;1;;1;;;;;2;;3;;;2;;;;2;1;;;;12
2016;4421;Horn;;;;;;;1;1;;;;;;;;;;;;;1;3
2017;4421;Horn;6;1;;;;;1;1;;;;;2;;;;;;;;6;17
2018;4421;Horn;2;1;;;;;;3;;;;;;;;;;;;;2;8
2019;4421;Horn;3;;1;;;;;3;1;;;2;;;3;;3;;;;;16
2020;4421;Horn;1;;;;;;5;6;;;;1;;;5;;;;;;;18
2008;4590;HÅttlingen;;;;;1;;;;;1;;;;;;;;;;;;2
2009;4590;HÅttlingen;;;;;;;;;;2;1;;;;;;;;;;;3
2010;4590;HÅttlingen;1;;;1;1;;;;;1;;;;;;;;;;;;4
2011;4590;HÅttlingen;2;;;;1;;;;;;2;;;;;;;;;;;5
2012;4590;HÅttlingen;2;;;;;;;;;1;2;;;;;;2;;;;;7
2013;4590;HÅttlingen;2;1;;;;1;;4;;;2;;;;;;;;;;;10
2014;4590;HÅttlingen;2;;;;;;;;;;1;;;;;;;;;;;3
2015;4590;HÅttlingen;1;;;;1;1;1;1;;;1;;;;;;;;;;;6
2016;4590;HÅttlingen;;;;;;;;;;;;;;;;;2;;;;;2
2017;4590;HÅttlingen;3;;1;;1;1;2;3;;;;1;;;;;;;;;;12
2018;4590;HÅttlingen;1;;;;;;2;;;3;;1;;;;;;;;;;7
2019;4590;HÅttlingen;2;;;;1;;2;;;;;1;;;;;3;;;;;9
2020;4590;HÅttlingen;;2;;;1;;3;;;;;;;;1;;3;;;;;10
2008;4821;HÅttwilen;2;;;2;1;;;;;1;2;;;;;;1;;;;;9
2009;4821;HÅttwilen;2;;1;2;2;;;2;;2;1;;;;;;1;;;;;13
2010;4821;HÅttwilen;5;;;3;1;;1;3;;6;4;;;;;;1;;;;;24
2011;4821;HÅttwilen;9;;;4;4;;2;3;;1;1;;;;;;2;;;;1;27
2012;4821;HÅttwilen;4;;;5;;;3;1;;1;6;;;;;;;;;;;20
2013;4821;HÅttwilen;3;2;1;7;2;;;;;2;6;;;;;;2;;;;;25
2014;4821;HÅttwilen;1;2;;2;2;;;1;;2;1;;;;;;2;;;;;13
2015;4821;HÅttwilen;4;;;;1;;3;3;;1;1;;;;;;;1;;;2;16
2016;4821;HÅttwilen;3;;2;;1;;2;;;;;;;;;;2;;;;3;13
2017;4821;HÅttwilen;3;;;;1;;1;;;1;;1;;;;;1;;;;2;10
2018;4821;HÅttwilen;2;;;;;;2;;;1;;;;;;;2;;;;1;8
2019;4821;HÅttwilen;4;1;;2;1;;4;;;;;;;;2;;4;;;;;18
2020;4821;HÅttwilen;2;1;;;;1;7;;;1;;2;;;7;;4;;;;;25
2008;4666;Kemmental;3;;;2;3;;;;;7;1;;;;;;;;;;;16
2009;4666;Kemmental;6;;;1;1;1;2;;;2;;;;;;;1;;;;2;16
2010;4666;Kemmental;1;;;1;1;;2;;;4;3;;;;;;3;;;;;15
2011;4666;Kemmental;12;2;;6;1;;2;;;6;2;;;;;;1;;;;;32
2012;4666;Kemmental;7;;;1;1;;;;;7;5;;;;;;;;;;;21
2013;4666;Kemmental;3;;;;1;;3;;;6;14;;;;;;2;1;;;;30
2014;4666;Kemmental;9;1;;4;3;;;1;;4;1;;;;;;;;;;;23
2015;4666;Kemmental;3;2;;;2;;2;3;;5;;;;;;;;;;;1;18
2016;4666;Kemmental;5;;;;;;;2;;4;;;2;;;;2;;;;3;18
2017;4666;Kemmental;5;;;;2;;4;2;;1;;;;;;;2;;;;6;22
2018;4666;Kemmental;14;2;;;4;;9;1;;;;4;;;;;3;;;;4;41
2019;4666;Kemmental;5;;;;2;;5;;;1;1;2;1;;1;;4;;;;;22
2020;4666;Kemmental;1;;;;1;;10;;;;;8;;;8;;2;;;;;30
2008;4426;Kesswil;1;;;;;;;;;4;;;;;;;2;;;;;7
2009;4426;Kesswil;1;;;1;;;;;;1;1;;;;;;1;;;;;5
2010;4426;Kesswil;4;;;1;2;;;1;;;;;;;;;;;;;;8
2011;4426;Kesswil;6;;;;2;;1;1;;;9;;1;;;;1;;;;;21
2012;4426;Kesswil;4;3;;1;1;;1;;;2;5;;;;;;;;;;;17
2013;4426;Kesswil;;;;;;;;;;;;;;;;;;;;;;0
2014;4426;Kesswil;1;;;;1;;;;;1;1;;;;;;;;;;;4
2015;4426;Kesswil;2;;;;1;;;;;;;;;;;;;;;;;3
2016;4426;Kesswil;;;;;1;;1;;;;;;;;;;;;;;1;3
2017;4426;Kesswil;3;;;1;;;2;;;;;2;;;;;;;;;4;12
2018;4426;Kesswil;2;;;;;;2;;;;;2;;;;;;;;;5;11
2019;4426;Kesswil;4;;;;1;;1;;;;;4;;;1;;3;;;;;14
2020;4426;Kesswil;2;;;;;;;;;;;3;;;3;;;1;;;;9
2008;4501;Kradolf-Schînenberg;;;;1;1;;1;;;3;;;;;;;1;;;;;7
2009;4501;Kradolf-Schînenberg;12;;;3;1;;2;1;;6;3;;;;;;7;;;;;35
2010;4501;Kradolf-Schînenberg;10;;;1;;;2;;;1;1;;;;;;5;;;;;20
2011;4501;Kradolf-Schînenberg;7;;;1;;;;;;3;2;;;;;;1;;;;;14
2012;4501;Kradolf-Schînenberg;19;1;1;2;1;;2;1;;4;6;;;;;;1;;;;;38
2013;4501;Kradolf-Schînenberg;6;3;;;;;1;1;;;8;;;;;;1;;;;;20
2014;4501;Kradolf-Schînenberg;1;;;3;;1;1;11;;2;3;;;;;;1;;;;;23
2015;4501;Kradolf-Schînenberg;9;1;;;;;2;1;;;;;1;;;;2;;1;;;17
2016;4501;Kradolf-Schînenberg;7;1;1;;1;;2;;;;;;1;;;;1;;;;3;17
2017;4501;Kradolf-Schînenberg;5;1;1;;;;1;;;3;;2;;;;;3;1;;;2;19
2018;4501;Kradolf-Schînenberg;10;1;;;;;6;;;2;;2;;;;;3;1;;;5;30
2019;4501;Kradolf-Schînenberg;9;2;1;1;1;1;6;1;;;;3;1;;3;;3;;;;;32
2020;4501;Kradolf-Schînenberg;7;;;;2;1;4;;;1;;6;;;1;;3;1;;;;26
2008;4671;Kreuzlingen;8;;;2;;;2;1;;10;3;;;;;;12;;;;;38
2009;4671;Kreuzlingen;38;;2;13;1;;3;;;26;1;;2;;;;21;;;;;107
2010;4671;Kreuzlingen;50;;;8;;1;3;;;11;5;;;;;;22;;;;;100
2011;4671;Kreuzlingen;58;6;3;16;1;;7;;;13;3;;2;;;;7;1;;;;117
2012;4671;Kreuzlingen;52;7;2;23;2;;3;;;17;14;;6;;;;21;;;;;147
2013;4671;Kreuzlingen;26;7;;12;;;3;;;11;10;;;;;;5;;1;;;75
2014;4671;Kreuzlingen;29;6;;18;;1;5;1;;9;6;;;;;;10;;1;;;86
2015;4671;Kreuzlingen;25;3;;1;;;4;2;;6;;;;1;;;14;;;;5;61
2016;4671;Kreuzlingen;22;2;;3;2;;2;;;5;;;1;;;;1;6;;;5;49
2017;4671;Kreuzlingen;31;3;;2;;1;3;;;6;1;2;7;1;;;10;2;;;12;81
2018;4671;Kreuzlingen;32;4;1;1;1;;10;;;1;;2;8;;;;15;1;;;9;85
2019;4671;Kreuzlingen;23;6;;;1;;22;;;;;4;1;;13;;18;;;;;88
2020;4671;Kreuzlingen;21;4;1;3;1;;15;;;1;;13;4;;37;1;27;;;;;128
2008;4681;Langrickenbach;1;;;;1;;;;;2;;;;;;;;;;;;4
2009;4681;Langrickenbach;2;;1;2;1;;;;;1;;;;;;;2;;;;;9
2010;4681;Langrickenbach;6;;;;;;;;;3;;;;;;;;;;;;9
2011;4681;Langrickenbach;5;;;;2;;1;;;;1;;;;;;1;;;;;10
2012;4681;Langrickenbach;3;;;2;1;;1;;;2;1;;;;;;;;;;;10
2013;4681;Langrickenbach;1;;;2;;1;;5;;1;3;;;;;;;;;;;13
2014;4681;Langrickenbach;1;1;;1;2;;1;;;;;;;;;;1;;;;;7
2015;4681;Langrickenbach;1;;;;;;;;;1;;;;;;;1;;;;2;5
2016;4681;Langrickenbach;5;1;;;1;;3;;;;;;;;;;;;;;3;13
2017;4681;Langrickenbach;4;;;;;;1;;;;;1;;;;;;;;;5;11
2018;4681;Langrickenbach;1;;;;2;;1;;;2;;;;;;;;;;;4;10
2019;4681;Langrickenbach;4;;;;;;2;;;;;1;;;1;;2;;;1;1;12
2020;4681;Langrickenbach;2;;;;;;7;;;;;;;;8;;2;;;;;19
2008;4683;Lengwil;;;;;2;;;;;7;;;;;;;1;;;;;10
2009;4683;Lengwil;8;;;;1;;2;;;4;1;;;;;;1;;;;1;18
2010;4683;Lengwil;3;;;1;2;;3;;;4;2;;;;;;1;;;;;16
2011;4683;Lengwil;9;;;2;;;;;;2;2;;;;;;;;;;;15
2012;4683;Lengwil;5;;;;;;1;;;3;1;;;;;;;;;;;10
2013;4683;Lengwil;1;;;5;;1;;;;2;6;;;;;;;1;;;;16
2014;4683;Lengwil;4;;;2;;;;;;1;2;;;;;;1;;;;;10
2015;4683;Lengwil;;1;;;1;;;;;1;3;;;;;;;;;;1;7
2016;4683;Lengwil;4;;1;;1;1;2;2;;1;;;;;;;;;;;4;16
2017;4683;Lengwil;5;;;;;;2;3;;;;1;1;;;;2;;;;3;17
2018;4683;Lengwil;1;;;;1;;3;;;1;;2;;;;;2;1;;;1;12
2019;4683;Lengwil;1;1;;;;1;10;;;;;1;;;;;3;;;;;17
2020;4683;Lengwil;1;1;;;1;;9;;;;;1;;;5;;2;;;;;20
2008;4741;Lommis;1;;;;;;;;;1;1;;;;;;;;;;;3
2009;4741;Lommis;3;;;2;;;;;;4;2;;;;;;1;;;;;12
2010;4741;Lommis;4;;;1;;;1;;;4;;;;;;;1;;;;;11
2011;4741;Lommis;3;1;1;;1;;1;;;2;1;;;;;;;;;;;10
2012;4741;Lommis;5;;;;;;5;;;3;4;;;;;;;;;;;17
2013;4741;Lommis;1;;;4;1;;;1;;4;2;;;;;;;;;;;13
2014;4741;Lommis;;;;;;;2;;;;;;;;;;;;;;;2
2015;4741;Lommis;;;;;;;2;;;1;;;;;;;;;;;3;6
2016;4741;Lommis;;;;;;;2;;;;;;;;;;2;;;;;4
2017;4741;Lommis;3;;;;;;4;;;;;;;;;;;;;;2;9
2018;4741;Lommis;2;1;;;;;5;;;;;1;;;;;3;;;;2;14
2019;4741;Lommis;2;;;;;;5;;;;;5;;;1;;;;;;;13
2020;4741;Lommis;2;;;;;;3;;;;;7;;;3;;2;;;;;17
2008;4826;Mammern;;;;;;1;;;;;1;;;;;;;;;;;2
2009;4826;Mammern;2;;;1;;;1;;;;;;;;;;;;;;;4
2010;4826;Mammern;1;;;;;;;;;1;1;;;;;;;;;;;3
2011;4826;Mammern;3;;;;1;;;;;;1;;;;;;1;;;;;6
2012;4826;Mammern;2;;;;;;;;;;1;;;;;;;;;;;3
2013;4826;Mammern;;;;;;;1;;;;1;;;;;;1;;;;;3
2014;4826;Mammern;4;;;;1;;1;;;;2;;;;;;;;;;;8
2015;4826;Mammern;3;;;;;;;;;;;;;;;;1;;;;;4
2016;4826;Mammern;4;;;;;;;;;;;;;;;;;1;;;;5
2017;4826;Mammern;1;;;;;;;;;;;;;;;;;;;;;1
2018;4826;Mammern;2;;1;;;;1;;;;;;;;;;;;;;;4
2019;4826;Mammern;2;;;;;;2;;;;;;;;2;;2;;;;;8
2020;4826;Mammern;;;;;;;2;;;;;;1;;3;;1;;;;;7
2008;4941;MÑrstetten;2;;;3;1;;;;;3;3;;;;;;3;;;;;15
2009;4941;MÑrstetten;4;;;1;;;1;;;3;;;;;;;3;;;;;12
2010;4941;MÑrstetten;1;;3;;2;;1;;;3;;;;;;;2;;;;;12
2011;4941;MÑrstetten;12;;;5;;;1;;;2;2;;;;;;1;;;;;23
2012;4941;MÑrstetten;10;1;;7;;;;;;3;2;;;;;;2;;;;;25
2013;4941;MÑrstetten;3;;;6;;;1;;;5;7;;;;;;2;;;;;24
2014;4941;MÑrstetten;7;1;;2;1;;2;2;;4;3;;;;;;;;;;;22
2015;4941;MÑrstetten;;1;;1;;1;2;9;;1;1;;1;;;;2;;;;;19
2016;4941;MÑrstetten;4;1;;1;;;4;;;;;;1;;;;2;3;;;2;18
2017;4941;MÑrstetten;5;;;;;1;1;;;;;2;1;;;;1;;;;1;12
2018;4941;MÑrstetten;6;;;2;;;6;;;2;;1;2;;;;5;;;;3;27
2019;4941;MÑrstetten;5;1;;;;;4;;;;;2;;;4;;5;1;;;1;23
2020;4941;MÑrstetten;3;4;;;;;1;;;1;;6;;;4;;3;;;;;22
2008;4591;Matzingen;1;;;;1;1;;4;;1;;;;;;;2;;;;2;12
2009;4591;Matzingen;2;;;;1;;1;;;1;;;;;;;1;;;;;6
2010;4591;Matzingen;8;;;2;1;;6;;;1;;;;;;;;;;;2;20
2011;4591;Matzingen;6;;;1;1;;2;;;1;2;;1;;;;1;1;;;;16
2012;4591;Matzingen;8;4;;1;1;;;;;2;1;;;;;;;;;;;17
2013;4591;Matzingen;;1;;1;;;2;;;3;2;;;;;;;;;;;9
2014;4591;Matzingen;2;;;1;1;;3;;;;3;;;;;;1;;;;;11
2015;4591;Matzingen;3;;;;;;1;;;5;;;1;;;;;1;;;;11
2016;4591;Matzingen;2;;;;;;1;;;;;;;;;;;1;;;;4
2017;4591;Matzingen;1;;;;;;1;;;;1;;;;;;;1;;;;4
2018;4591;Matzingen;2;;;;;;1;;;1;;4;;;;;2;;;;1;11
2019;4591;Matzingen;3;1;;;1;;2;3;;1;;3;1;;3;;;;;;1;19
2020;4591;Matzingen;;;;;1;;9;;;;;3;1;;5;1;;;;;;20
2008;4831;MÅllheim;1;;;;;;1;;;3;1;;;;;;1;;;;;7
2009;4831;MÅllheim;4;;1;2;2;;;;;7;5;;;;;;2;;;;;23
2010;4831;MÅllheim;7;;;4;;;1;;;1;3;;;1;;;3;;;;;20
2011;4831;MÅllheim;11;;1;7;;1;;;;1;4;;;;;;1;;;;;26
2012;4831;MÅllheim;7;;;2;1;;;;;5;2;;;;;;;;;;;17
2013;4831;MÅllheim;3;;;2;;1;1;;;1;3;;;;;;;;;;;11
2014;4831;MÅllheim;8;1;;8;;;2;;;1;4;;;;;;;;;;;24
2015;4831;MÅllheim;7;;;;1;;3;;;1;;;;;;;1;1;;;;14
2016;4831;MÅllheim;1;;;;;;1;;;;;;1;;;;1;1;;;1;6
2017;4831;MÅllheim;7;;1;;;1;3;;;;;1;2;;;;;;;;;15
2018;4831;MÅllheim;10;;;;;1;1;;;;;3;2;;;;4;;;;5;26
2019;4831;MÅllheim;1;2;;;;;3;;;;;1;1;;4;;5;;;;;17
2020;4831;MÅllheim;;;;;;;6;;;;;2;1;;11;1;3;;;;;24
2008;4746;MÅnchwilen (TG);2;;;1;;;;1;;4;1;;;;;;2;;;;;11
2009;4746;MÅnchwilen (TG);9;;1;4;;;2;;;9;1;;;;;;1;;;;;27
2010;4746;MÅnchwilen (TG);8;1;1;3;;;2;;;2;1;;;1;;;2;;;;;21
2011;4746;MÅnchwilen (TG);13;1;;6;;;3;;;10;;;;;;;;1;;;;34
2012;4746;MÅnchwilen (TG);14;;;11;1;1;2;1;;5;9;;;;;;2;;;;;46
2013;4746;MÅnchwilen (TG);8;;;3;;;1;2;;4;10;;;;;;2;;;;;30
2014;4746;MÅnchwilen (TG);6;1;;1;1;1;2;1;;7;6;;;;;;2;;;;;28
2015;4746;MÅnchwilen (TG);6;1;2;;1;1;2;11;;1;;;;1;;;;;;;2;28
2016;4746;MÅnchwilen (TG);11;1;1;;1;1;4;1;;2;;;;;;;;2;;;5;29
2017;4746;MÅnchwilen (TG);3;;1;1;;;2;5;;;;3;;;;;1;;;;4;20
2018;4746;MÅnchwilen (TG);4;1;;4;;;8;4;;;;3;2;1;;;1;1;;;4;33
2019;4746;MÅnchwilen (TG);4;;;;;;3;3;1;;;2;3;;;;4;;;;1;21
2020;4746;MÅnchwilen (TG);1;1;;;;;9;2;;;;;;;12;1;;;;;;26
2008;4691;MÅnsterlingen;;;;;1;;;2;;8;;;;;;;1;;;;;12
2009;4691;MÅnsterlingen;5;;;4;1;;;1;;1;1;;;;;;5;;;;;18
2010;4691;MÅnsterlingen;15;;;2;1;;1;;;4;1;;;;;;2;;;;;26
2011;4691;MÅnsterlingen;10;1;;6;1;;;;;6;5;;;;;;;;;;;29
2012;4691;MÅnsterlingen;7;2;1;7;;;2;;;6;4;;;;;;1;1;;;;31
2013;4691;MÅnsterlingen;9;1;;1;;;1;;;1;5;;;;;;1;;;;;19
2014;4691;MÅnsterlingen;2;1;1;;;;;;;3;2;;;;;;;;;;;9
2015;4691;MÅnsterlingen;2;;1;2;;;3;;;;1;;;;;;4;;;;2;15
2016;4691;MÅnsterlingen;5;;;;;;2;;;1;;;;;;;;;;;4;12
2017;4691;MÅnsterlingen;7;;;;;;3;;;2;;2;;;;;1;;;;4;19
2018;4691;MÅnsterlingen;2;;;;;;4;;;1;;2;;;;;3;;;;4;16
2019;4691;MÅnsterlingen;1;1;;;;;6;;;;;2;;;2;;2;;;;;14
2020;4691;MÅnsterlingen;2;;;;;;6;;;;;3;;;9;;4;;;;;24
2008;4601;Neunforn;1;;;;;;;;;1;2;;;;;;;;;;;4
2009;4601;Neunforn;3;;;2;2;;1;;;3;2;;;;;;1;;;;;14
2010;4601;Neunforn;4;;;1;3;;2;;;1;4;;;;;;1;;;;;16
2011;4601;Neunforn;7;1;;4;1;1;2;21;;5;;;;;;;2;;;;;44
2012;4601;Neunforn;5;1;2;2;1;;;2;;;3;;;;;;;;;;;16
2013;4601;Neunforn;;;;;;;1;2;;1;1;;;;;;;;;;;5
2014;4601;Neunforn;5;;;;;;;;;3;;;;;;;2;;;;;10
2015;4601;Neunforn;2;1;;;;;2;1;;;;;;;;;1;;;;;7
2016;4601;Neunforn;2;;;;1;;1;;;;;;;;;;;;;;3;7
2017;4601;Neunforn;3;1;;;1;;2;1;;;;;;;;;;;;;7;15
2018;4601;Neunforn;2;;;;1;;1;1;;;;;1;;;;1;;;;3;10
2019;4601;Neunforn;1;;;;;;2;1;;1;;1;;;3;;;;;;;9
2020;4601;Neunforn;2;;;;1;;3;;;;;3;;;3;;4;;;;;16
2008;4841;Pfyn;1;;;;1;;;;;5;4;;;;;;;;;;;11
2009;4841;Pfyn;4;;;;2;;1;1;;3;1;;;;;;;;;;;12
2010;4841;Pfyn;6;;;1;;;;;;4;2;;;;;;1;;;;;14
2011;4841;Pfyn;8;1;;;;;1;;;5;1;;;;;;2;;;;;18
2012;4841;Pfyn;3;;;1;;;;;;2;1;;;;;;1;;;;;8
2013;4841;Pfyn;4;;1;1;;;;;;3;2;;;;;;;;;;;11
2014;4841;Pfyn;2;;;1;1;;2;;;2;3;;;;;;;;;;;11
2015;4841;Pfyn;3;;1;;1;;1;;;1;;;;;;;;;;;1;8
2016;4841;Pfyn;4;;;;;;1;;;1;;;;;;;;;;;1;7
2017;4841;Pfyn;2;2;;;1;;4;;;2;;2;;;;;;;;;5;18
2018;4841;Pfyn;2;1;;;;1;2;;;1;;2;;;;;4;;;;2;15
2019;4841;Pfyn;2;;;;;;4;;;2;;3;;;3;;;;;;;14
2020;4841;Pfyn;1;1;;;;;6;;;;;;;;5;;2;;;;;15
2008;4846;Raperswilen;1;;;;;;;;;;;;;;;;1;;;;;2
2009;4846;Raperswilen;;;;1;;;;;;3;;;;;;;;;;;;4
2010;4846;Raperswilen;2;1;;;;;;;;1;3;;;;;;1;;;;;8
2011;4846;Raperswilen;1;;;;;;1;;;2;;;;;;;;;;;;4
2012;4846;Raperswilen;;;;;;1;;;;;1;;;;;;;;;;;2
2013;4846;Raperswilen;1;;;;2;;;;;;1;;;;;;;;;;;4
2014;4846;Raperswilen;1;;;;;;;;;;;;;;;;;;;;;1
2015;4846;Raperswilen;;1;;;;;1;;;;1;;;;;;;;;;;3
2016;4846;Raperswilen;1;;;;1;;2;;;;;;;;;;;;;;;4
2017;4846;Raperswilen;;;;;;;;;;;;;;;;;;;;;;0
2018;4846;Raperswilen;1;;;;;;;;;;;;;;;;;;;;1;2
2019;4846;Raperswilen;2;;;;;;1;1;;;;;;;;;;;;;;4
2020;4846;Raperswilen;;;;;;;2;;;;;1;;;3;;;1;;;;7
2008;4751;Rickenbach (TG);;;;;;;;;;1;;;;;;;1;;;;;2
2009;4751;Rickenbach (TG);6;;;;1;;;;;3;;;;;;;;;;;;10
2010;4751;Rickenbach (TG);3;;;1;1;;1;;;4;1;;;;;;;;;;;11
2011;4751;Rickenbach (TG);9;;;2;1;;;;;1;1;;;;;;1;;;;;15
2012;4751;Rickenbach (TG);6;1;;3;;;1;;;;2;;;;;;;;;;;13
2013;4751;Rickenbach (TG);5;1;;;;;;;;1;1;;1;;;;;;;;;9
2014;4751;Rickenbach (TG);;;;8;;;;;;;2;;;;;;;;;;;10
2015;4751;Rickenbach (TG);2;1;;;;;;;;1;;;;;;;1;1;;;1;7
2016;4751;Rickenbach (TG);5;;;;;;;;;;;;1;;;;;;;;2;8
2017;4751;Rickenbach (TG);5;1;;;;;;;;;;1;;;;;;;;;3;10
2018;4751;Rickenbach (TG);3;;1;;;;;;;;;1;;;;;3;;;;;8
2019;4751;Rickenbach (TG);3;;;;;;4;;;;;1;;;1;;;;;;;9
2020;4751;Rickenbach (TG);;;;;;;1;;;;;1;1;;5;1;1;;;;;10
2008;4431;Roggwil (TG);4;;;;1;;;1;;1;;;;;;;2;;;;;9
2009;4431;Roggwil (TG);4;;1;2;2;;;2;;6;;;;;;;1;;;;;18
2010;4431;Roggwil (TG);5;;1;1;2;;2;;;1;4;;;;;;1;;;;1;18
2011;4431;Roggwil (TG);7;2;;;;;1;;;;5;;;;;;4;;;;;19
2012;4431;Roggwil (TG);3;1;;3;;;2;;;4;4;;;;;;1;;;;;18
2013;4431;Roggwil (TG);3;;1;2;1;;;;;1;4;;;;;;;1;;;;13
2014;4431;Roggwil (TG);9;;;3;;;;1;;2;3;;1;;;;;1;;;;20
2015;4431;Roggwil (TG);3;1;;;;;;1;;1;1;;1;;;;2;;;;;10
2016;4431;Roggwil (TG);6;;;;;;7;;;;;;2;;;;;;;;3;18
2017;4431;Roggwil (TG);7;1;;1;;;6;;;;;3;;;;;4;;;;4;26
2018;4431;Roggwil (TG);9;;;1;1;;4;2;;1;;6;1;;;;1;;;;1;27
2019;4431;Roggwil (TG);1;;;;1;;5;5;;;;6;1;;7;1;3;;;;1;31
2020;4431;Roggwil (TG);4;;;;;;13;1;1;;;8;1;;13;;7;;;;;48
2008;4436;Romanshorn;6;;;4;2;1;1;;;12;1;;1;;;;1;;;;;29
2009;4436;Romanshorn;16;;1;7;5;;1;;;13;2;;;;;;4;;;;;49
2010;4436;Romanshorn;35;;1;10;2;;5;;;8;4;;;1;;;11;;;;;77
2011;4436;Romanshorn;31;1;3;12;;;6;;;5;10;;;1;;;3;;;;2;74
2012;4436;Romanshorn;40;1;4;3;1;;2;;;9;10;;;;;;1;1;;;;72
2013;4436;Romanshorn;17;1;3;2;;;3;;;9;11;;1;;;;2;1;;;;50
2014;4436;Romanshorn;12;4;1;5;;;7;;;6;2;;;;;;4;;;;;41
2015;4436;Romanshorn;23;1;;2;;;3;;;2;3;;1;;;;2;1;;;3;41
2016;4436;Romanshorn;15;;1;6;;;5;;;2;;;1;;;;1;6;;;;37
2017;4436;Romanshorn;23;1;1;;;;8;;;2;;1;2;;;;3;3;;;6;50
2018;4436;Romanshorn;15;;;2;1;;8;;;1;;3;5;;;;9;;;;7;51
2019;4436;Romanshorn;9;1;;;;1;8;1;;;;1;2;;8;;9;;;;1;41
2020;4436;Romanshorn;6;3;;;;1;16;;;2;;9;2;;12;;9;;;;;60
2008;4851;Salenstein;;;;;;;;;;1;;;;;;;;;;;;1
2009;4851;Salenstein;3;;;;;;;;;2;;;;;;;1;;;;;6
2010;4851;Salenstein;2;;;1;1;;;;;1;;;;;;;1;;;;;6
2011;4851;Salenstein;4;;;2;1;;;;;1;;;;1;;;1;;;;;10
2012;4851;Salenstein;1;;;;;;1;;;2;4;;;;;;1;;;;;9
2013;4851;Salenstein;3;1;;1;;;2;;;;2;;1;;;;;;;;;10
2014;4851;Salenstein;;;;2;;;;;;;;;;;;;;;;;;2
2015;4851;Salenstein;1;;;3;;;;;;;;;;;;;3;;;;1;8
2016;4851;Salenstein;1;;;;;;1;;;;;1;;;;;1;;;;3;7
2017;4851;Salenstein;3;;;;;;1;;;;;;;;;;1;;;;2;7
2018;4851;Salenstein;3;;;3;;;4;;;;;2;;;;;;;;;2;14
2019;4851;Salenstein;3;;;;;;4;;;;;;;;;;2;;;;;9
2020;4851;Salenstein;2;;;;;;7;;;;;2;;;2;;2;;;;;15
2008;4441;Salmsach;3;;;;1;;;;;1;1;;;;;;;;;;1;7
2009;4441;Salmsach;2;;;2;1;;1;;;1;1;;;;;;2;;;;;10
2010;4441;Salmsach;6;;;1;1;;1;;;1;;;;;;;1;;;;;11
2011;4441;Salmsach;6;;;2;;;1;;;;2;;;;;;2;;;;;13
2012;4441;Salmsach;3;1;;1;1;;;;;2;1;;;;;;1;;;;;10
2013;4441;Salmsach;2;1;;2;;;1;;;;1;;;;;;;;;;;7
2014;4441;Salmsach;5;1;1;3;;;;;;1;;;;;;;1;;;;;12
2015;4441;Salmsach;2;1;;;;;1;;;;;;;;;;1;;;;;5
2016;4441;Salmsach;1;;;;;;1;;;;;;;;;;1;;;;1;4
2017;4441;Salmsach;4;1;;;;;2;;;;;;;;;;1;1;;;2;11
2018;4441;Salmsach;1;;;;;;;;;;;;2;;;;;;;;;3
2019;4441;Salmsach;1;;;;;;3;;;;;2;;;;;2;;;;;8
2020;4441;Salmsach;1;;;;;;4;;;;;;;;1;;3;;;;;9
2008;4546;Schlatt (TG);1;;;;;;;1;;1;1;;;;;;;;;;;4
2009;4546;Schlatt (TG);4;;;;;;;;;1;;;;;;;1;;;;;6
2010;4546;Schlatt (TG);5;;;;;;;1;;1;1;;;;;;;;;;;8
2011;4546;Schlatt (TG);4;1;;3;;;;;;;1;;;;;;1;;;;;10
2012;4546;Schlatt (TG);6;;;3;;;;;;1;1;;;;;;4;;;;;15
2013;4546;Schlatt (TG);2;;;1;1;;1;3;;;;;;;;;;;;;;8
2014;4546;Schlatt (TG);5;;;2;;;1;;;1;;;;;;;;;;;;9
2015;4546;Schlatt (TG);2;;;;;;;;;;;;;;;;;;;;1;3
2016;4546;Schlatt (TG);;;;;1;;2;;;2;;;1;1;;;;2;;;7;16
2017;4546;Schlatt (TG);6;;;;;;;;;;;1;1;;;;;;;;1;9
2018;4546;Schlatt (TG);6;;;;;;3;;;;;;;;;;1;;;;4;14
2019;4546;Schlatt (TG);3;;;;1;;5;;;3;;;1;;2;;1;;;;;16
2020;4546;Schlatt (TG);3;;;;2;;2;;;;;4;;;8;;;;;;;19
2008;4756;Schînholzerswilen;1;;;;3;;;;;;1;;;;;;;;;;;5
2009;4756;Schînholzerswilen;3;;;;2;;;2;;2;;;;;;;;;;;;9
2010;4756;Schînholzerswilen;1;;;;1;;;;;1;1;;;;;;2;;;;;6
2011;4756;Schînholzerswilen;3;2;;1;2;;2;;;1;1;;;;;;1;;;;;13
2012;4756;Schînholzerswilen;4;;;;1;;1;;;;;;;;;;1;;;;;7
2013;4756;Schînholzerswilen;3;;;1;;1;1;;;1;4;;;;;;;;;;;11
2014;4756;Schînholzerswilen;;;;;;;;;;1;2;;;1;;;;;;;;4
2015;4756;Schînholzerswilen;;;;;1;;1;1;;1;;;;;;;;;;;1;5
2016;4756;Schînholzerswilen;2;;;;1;;;;;1;;;;;;;;;;;1;5
2017;4756;Schînholzerswilen;2;;;1;;;2;;;1;;1;;;;;;;;;3;10
2018;4756;Schînholzerswilen;1;;;;1;;1;;;;;2;;;;;1;;;;2;8
2019;4756;Schînholzerswilen;;1;;;;;4;;;;;;;;1;;;;;;;6
2020;4756;Schînholzerswilen;2;;;;1;1;2;1;;1;;;;;5;;1;;;;;14
2008;4761;Sirnach;2;;;2;4;;;;;15;3;;;;;;2;;;;;28
2009;4761;Sirnach;10;;1;5;1;1;2;;;9;3;;;;;;3;;;;1;36
2010;4761;Sirnach;15;;2;4;;;2;;;10;4;;;;;;5;;;;;42
2011;4761;Sirnach;26;;2;8;2;1;2;;;13;3;;;;;;9;;;;;66
2012;4761;Sirnach;12;1;;15;1;;2;;;12;13;;;;;;3;;;;;59
2013;4761;Sirnach;6;2;1;6;;;2;;;5;8;;1;;;;;1;;;;32
2014;4761;Sirnach;17;1;1;6;1;;2;;;6;1;;;;;;;;;;;35
2015;4761;Sirnach;8;3;;;;;;;;2;;;1;;;;2;;;;3;19
2016;4761;Sirnach;4;;;;;;;;;2;;;2;;;;;;1;;6;15
2017;4761;Sirnach;16;1;;;1;;3;;;1;;4;2;;;;;1;;;7;36
2018;4761;Sirnach;13;1;1;;5;;5;;;;;12;1;;;;7;;;;13;58
2019;4761;Sirnach;12;1;;;;1;4;23;;2;;6;1;;12;;5;;;;;67
2020;4761;Sirnach;7;1;;;;;8;;;2;;4;2;;17;;6;1;;;;48
2008;4446;Sommeri;;;;;;;;;;;;;;;;;;;;;;0
2009;4446;Sommeri;2;;;;1;;1;;;2;1;;;;;;;;;;1;8
2010;4446;Sommeri;;;;;;;;;;3;1;;;;;;;;;;;4
2011;4446;Sommeri;2;;;;1;1;2;;;2;1;;;;;;1;;;;;10
2012;4446;Sommeri;5;;;;1;;;;;1;5;;;;;;;;;;;12
2013;4446;Sommeri;1;;;;;;3;;;;3;;;;;;;;;;;7
2014;4446;Sommeri;3;1;;;;;;;;;1;;;;;;;;;;;5
2015;4446;Sommeri;1;;;;1;1;1;;;;;;;;;;;;;;;4
2016;4446;Sommeri;1;;;;;;;;;;;;;;;;;;;;;1
2017;4446;Sommeri;1;;;;;;;;;;;1;;;;;;;;;3;5
2018;4446;Sommeri;3;;;;1;;;;;1;;1;;;;;;;;;2;8
2019;4446;Sommeri;;;;;1;;1;;;;;;;;2;;;;;;;4
2020;4446;Sommeri;1;;;;;;1;;;;;1;;;3;;;;;;;6
2008;4864;Steckborn;4;;;1;;;;;;2;2;;;;;;;;;;;9
2009;4864;Steckborn;7;;;2;;1;2;;;4;1;;;;;;4;;;;1;22
2010;4864;Steckborn;10;;;7;1;1;4;1;;4;3;;;;;;2;;;;;33
2011;4864;Steckborn;17;1;1;13;;;5;;;3;2;;;1;;;7;;;;;50
2012;4864;Steckborn;22;;1;10;;;;;;1;2;;;;;;2;;;;;38
2013;4864;Steckborn;7;1;2;;;1;2;;;1;1;;;;;;;;;;;15
2014;4864;Steckborn;9;1;1;13;;;2;;;2;1;;;;;;1;;;;;30
2015;4864;Steckborn;6;1;;1;;;;;;1;;;;;;;3;;;;1;13
2016;4864;Steckborn;6;;;;;;1;;;;;;;;;;;;;;;7
2017;4864;Steckborn;10;1;;;1;;2;;;1;;;;;;;;;;;1;16
2018;4864;Steckborn;3;;;3;1;;3;;;3;;1;;;;;3;1;;;;18
2019;4864;Steckborn;9;;;;2;;5;;;1;;1;;;6;;3;;;;;27
2020;4864;Steckborn;8;2;;;1;;6;;;1;;5;;;10;;4;;;;;37
2008;4606;Stettfurt;;;;1;1;;;;;;1;;;;;;1;;;;1;5
2009;4606;Stettfurt;2;;;2;;;;;;2;5;;;;;;;;;;;11
2010;4606;Stettfurt;1;;1;;;;1;;;4;3;;;;;;2;;;;;12
2011;4606;Stettfurt;7;2;;3;;;4;;;;3;;;;;;;;;;;19
2012;4606;Stettfurt;6;1;;;;;1;;;2;8;;;;;;1;;;;;19
2013;4606;Stettfurt;2;;;1;;;;;;2;3;;;;;;;;;;;8
2014;4606;Stettfurt;2;;;5;;;1;;;2;2;;;;;;1;;;;;13
2015;4606;Stettfurt;1;;;;1;;1;;;;;;;;;;;1;;;;4
2016;4606;Stettfurt;5;;;;2;;2;;;1;;;;;;;1;;;;1;12
2017;4606;Stettfurt;3;;;;;;3;;;2;;4;1;;;;;;;;1;14
2018;4606;Stettfurt;5;;1;;;;3;;;;;5;;;;;;;;;1;15
2019;4606;Stettfurt;;;;;1;1;2;1;;1;;5;;;6;;2;;;;;19
2020;4606;Stettfurt;;1;;1;1;;9;;;;;4;;;2;;1;;;;;19
2008;4506;Sulgen;2;;;2;1;;;;;;;;;;;;2;;;;1;8
2009;4506;Sulgen;10;;;1;1;;4;;;6;3;;;;;;2;;;;;27
2010;4506;Sulgen;9;;;;;;1;;;3;;;;;;;5;;;;;18
2011;4506;Sulgen;15;1;;4;;;1;;;3;2;;;;;;2;;;;;28
2012;4506;Sulgen;8;2;;7;;;2;1;;3;5;;;;;;10;;;;;38
2013;4506;Sulgen;6;;;3;1;2;2;3;;1;7;;;;;;3;;;;;28
2014;4506;Sulgen;5;2;;;1;;;;;;2;;;;;;;2;;;;12
2015;4506;Sulgen;7;1;;;1;;;;;3;1;;;;;;4;1;;;1;19
2016;4506;Sulgen;8;1;;;;;2;;;1;;;1;;;;1;2;;;2;18
2017;4506;Sulgen;14;;;;1;;1;;;;;1;1;;;;2;;;;1;21
2018;4506;Sulgen;8;;;;;;5;;;;;;1;;;;5;;;;2;21
2019;4506;Sulgen;7;1;;;;1;1;;;;;;4;;4;;1;;;;;19
2020;4506;Sulgen;5;;;;1;;8;1;;;;;;;1;;8;;;;;24
2008;4696;TÑgerwilen;3;;;1;;;;2;;3;1;;;;;;2;;;;;12
2009;4696;TÑgerwilen;13;;;2;2;;1;;;6;2;;;;;;;;;;;26
2010;4696;TÑgerwilen;9;;;7;;;2;;;5;1;;;;;;3;;;;;27
2011;4696;TÑgerwilen;15;1;;1;2;;;;;3;9;;;1;;;2;;;;;34
2012;4696;TÑgerwilen;10;2;;4;;;2;;;3;12;;;;;;2;;;;;35
2013;4696;TÑgerwilen;1;;1;18;;;1;;;1;17;;;;;;;;;;;39
2014;4696;TÑgerwilen;5;1;1;;;;1;;;;6;;;;;;1;;;;;15
2015;4696;TÑgerwilen;4;2;;;;;6;;;1;;;;1;;;;1;;;;15
2016;4696;TÑgerwilen;4;;;4;;;2;;;2;;;1;;;;1;;;;4;18
2017;4696;TÑgerwilen;3;2;;;;;2;;;;;1;2;;;;2;;;;8;20
2018;4696;TÑgerwilen;10;1;;;2;1;1;1;1;1;;1;;;;;5;;;;7;31
2019;4696;TÑgerwilen;8;;;1;;;5;;;;;1;;;9;;2;;;;1;27
2020;4696;TÑgerwilen;4;;;;;;5;;;;;;;;22;1;3;1;;;;36
2008;4611;Thundorf;1;;;;2;;;1;;3;3;;;;;;2;;;;;12
2009;4611;Thundorf;2;;;;2;;2;;;1;1;;;;;;;;;;1;9
2010;4611;Thundorf;4;;1;1;;;1;;;4;;;;;;;2;;;;;13
2011;4611;Thundorf;3;2;;;;;;1;;3;1;;;;;;;;;;;10
2012;4611;Thundorf;4;1;;2;;;1;;;1;3;;;;;;;;;;;12
2013;4611;Thundorf;4;;;;;;;1;;2;2;;;;;;;;;;;9
2014;4611;Thundorf;1;;;;;;2;;;;;;;;;;;;;;;3
2015;4611;Thundorf;;;;1;;;3;;;;;;;;;;;;;;;4
2016;4611;Thundorf;2;;;;;1;3;2;;;;1;;;;;;;;;2;11
2017;4611;Thundorf;2;;;;;;3;;;;;2;;;;;3;;;;4;14
2018;4611;Thundorf;4;1;;;;;3;;;;;2;;;;;3;;;;3;16
2019;4611;Thundorf;1;1;;;2;;2;7;;;;1;;;1;;2;;;;;17
2020;4611;Thundorf;5;2;;;1;;5;4;1;1;;1;;;2;1;1;;;;;24
2008;4776;Tobel-TÑgerschen;;;;;1;;;;;3;;;;;;;1;;;;;5
2009;4776;Tobel-TÑgerschen;6;;;2;;;1;;;3;;;;;;;1;;;;;13
2010;4776;Tobel-TÑgerschen;6;;;;;;1;;;5;1;;;;;;;;;;;13
2011;4776;Tobel-TÑgerschen;11;1;;;;;;;;5;3;;;;;;;;;;;20
2012;4776;Tobel-TÑgerschen;4;;;1;;;1;;;3;3;;;;;;;1;;;;13
2013;4776;Tobel-TÑgerschen;2;;;1;1;;1;;;1;5;;;;;;;;;;;11
2014;4776;Tobel-TÑgerschen;3;;;2;;;2;;;;5;;;;;;;1;;;;13
2015;4776;Tobel-TÑgerschen;;;;;;;;;;;;;;;;;;;;;1;1
2016;4776;Tobel-TÑgerschen;1;;;2;;;2;;;1;2;;;;;;;1;;;1;10
2017;4776;Tobel-TÑgerschen;1;;;1;;;;;;;1;4;;;;;4;;;;;11
2018;4776;Tobel-TÑgerschen;3;;;;1;;1;1;;;;1;;;;;2;;;;1;10
2019;4776;Tobel-TÑgerschen;2;;1;;;;5;;;;;1;;;1;;2;1;;;1;14
2020;4776;Tobel-TÑgerschen;4;;;;;;2;;;;;3;;;1;;1;;;;;11
2008;4616;Uesslingen-Buch;1;;;;1;;;;;;1;;;;;;;;;;;3
2009;4616;Uesslingen-Buch;3;;;2;1;;1;;;3;5;;;;;;1;;;;;16
2010;4616;Uesslingen-Buch;2;;;;1;;;;;2;1;;;;;;;;;;;6
2011;4616;Uesslingen-Buch;1;1;;2;1;1;1;;;4;3;;;;;;1;;;;;15
2012;4616;Uesslingen-Buch;7;;;;;;;;;1;5;;;;;;;;;;;13
2013;4616;Uesslingen-Buch;2;;;4;1;;;;;1;3;;;;;;;;;;;11
2014;4616;Uesslingen-Buch;2;;1;1;1;;;;;;3;;1;;;;1;;;;;10
2015;4616;Uesslingen-Buch;;;;2;;;1;;;;;;;;;;1;;;;2;6
2016;4616;Uesslingen-Buch;5;;;;;;;1;;1;;;;;;;2;;;;5;14
2017;4616;Uesslingen-Buch;3;;;1;;;2;;;1;;1;;;;;;;;;5;13
2018;4616;Uesslingen-Buch;3;1;1;;1;;3;;;1;;;;;;;;;;;2;12
2019;4616;Uesslingen-Buch;4;1;;;1;;10;1;;;;1;;;3;;;;;;;21
2020;4616;Uesslingen-Buch;;;;;;;5;;;;;1;;;4;;5;;;;;15
2008;4451;Uttwil;2;;;2;1;;;;;;1;;;;;;1;;;;;7
2009;4451;Uttwil;2;;;1;1;;1;;;;;;;1;;;;;;;;6
2010;4451;Uttwil;10;;;;;;3;;;2;1;;;;;;1;;;;;17
2011;4451;Uttwil;8;;;;1;;;;;3;3;;;;;;;;;;;15
2012;4451;Uttwil;3;1;;4;;;;;;1;5;;;;;;1;;;;;15
2013;4451;Uttwil;3;1;;3;;;1;;;;3;;;;;;;;;;;11
2014;4451;Uttwil;2;;;;;;1;;;3;;;;;;;1;;;;;7
2015;4451;Uttwil;;;;;;;1;;;3;2;;;;;;;;;;;6
2016;4451;Uttwil;2;;;;1;;;;;;;;;;;;;;;;1;4
2017;4451;Uttwil;3;;;;;;;;;;;1;;;;;;;;;3;7
2018;4451;Uttwil;1;;;;;;3;;;;;1;;;;;;;;;3;8
2019;4451;Uttwil;4;;;;;;2;;;;;;;;3;;;;;;;9
2020;4451;Uttwil;;;;;;;2;;;;;1;;;2;;;;;;;5
2008;4871;Wagenhausen;2;;;;;;;;;1;1;;;;;;;;;;;4
2009;4871;Wagenhausen;2;;;;1;;;;;3;;;;;;;3;;;;;9
2010;4871;Wagenhausen;8;;;1;;;1;1;;;;;;;;;2;;;;;13
2011;4871;Wagenhausen;5;1;2;3;1;;;;;6;;;;;;;1;;;;;19
2012;4871;Wagenhausen;7;;;1;1;;;2;;;2;;;;;;1;;;;;14
2013;4871;Wagenhausen;4;;1;1;;;;;;1;2;;;;;;;;;;;9
2014;4871;Wagenhausen;2;2;;1;1;;1;;;;;;;;;;;;;;;7
2015;4871;Wagenhausen;2;;;;;;;;;1;;;;;;;1;1;;;;5
2016;4871;Wagenhausen;2;;;;1;;;;;1;;;1;;;;;;;;1;6
2017;4871;Wagenhausen;2;;;;;;;;;;;;;;;;;;;;1;3
2018;4871;Wagenhausen;5;1;;;1;;;;;1;;2;;;;;2;;;;3;15
2019;4871;Wagenhausen;4;;;;;;1;;;;;3;;;1;;1;;;;;10
2020;4871;Wagenhausen;;1;;;;;4;1;;;;3;;;6;1;1;;1;;;18
2008;4701;WÑldi;;;;;;;;;;1;;;;;;;;;;;;1
2009;4701;WÑldi;1;;1;;1;1;;17;;2;;;;;;;;;;;;23
2010;4701;WÑldi;5;;;;1;;;1;;1;;;;;;;;;;;;8
2011;4701;WÑldi;6;1;;;;;;1;;2;;;;;;;2;;;;;12
2012;4701;WÑldi;;;;1;1;;;;;2;5;;;;;;1;;;;;10
2013;4701;WÑldi;3;;;;;;;;;;4;;;;;;;;;;;7
2014;4701;WÑldi;;;;1;;1;1;13;;2;3;;;;;;;;;;;21
2015;4701;WÑldi;2;;;;1;;1;3;;;1;;1;;;;1;1;;;;11
2016;4701;WÑldi;3;;;;;;2;;;;;;;;;;2;;;;3;10
2017;4701;WÑldi;1;;;;;;1;1;;;;2;;;;;;;;;;5
2018;4701;WÑldi;2;;;;;;4;;;;;1;1;;;;1;;;;2;11
2019;4701;WÑldi;2;;;;;;3;;;;;4;;;2;;;;;;;11
2020;4701;WÑldi;;;;;1;;2;;;;;2;;;4;;2;;;;;11
2008;4781;WÑngi;5;;;;1;;;1;;11;3;;;;;;2;;;;;23
2009;4781;WÑngi;12;;;1;3;;6;1;;10;;;;1;;;4;;;;;38
2010;4781;WÑngi;18;;;2;2;;4;1;;6;2;;;;;;;;;;1;36
2011;4781;WÑngi;20;;1;6;2;;7;2;;8;7;;;2;;;2;;;;;57
2012;4781;WÑngi;10;;;2;;;8;1;;7;8;;;;;;2;;;;;38
2013;4781;WÑngi;9;1;;4;;1;11;1;;5;7;;2;1;;;1;1;;;;44
2014;4781;WÑngi;9;;1;2;3;1;2;1;;2;5;;;;;;1;;;;;27
2015;4781;WÑngi;4;;;1;2;;7;;;7;2;;;;;;;;;;2;25
2016;4781;WÑngi;11;1;1;;1;;6;1;;2;;1;;;;;1;2;;;2;29
2017;4781;WÑngi;10;1;;;;1;2;;;2;;2;2;1;;;3;3;;1;2;30
2018;4781;WÑngi;9;2;;;1;;7;;;1;;8;;;;;3;;;;4;35
2019;4781;WÑngi;6;;;1;1;;14;;;;;2;3;;5;;3;;;;;35
2020;4781;WÑngi;7;2;;;1;1;13;3;;;;5;;;12;;6;;;;;50
2008;4621;Warth-Weiningen;1;;;;1;;;;;1;1;;;;;;1;;;;;5
2009;4621;Warth-Weiningen;1;;1;3;;;2;;;5;1;;;;;;;;;;;13
2010;4621;Warth-Weiningen;5;;;5;;1;;1;;;1;;;;;;3;;;;;16
2011;4621;Warth-Weiningen;4;1;;1;1;;1;;;2;1;;;;;;1;;;;;12
2012;4621;Warth-Weiningen;3;;;;;;2;;;1;3;;;;;;1;;;;;10
2013;4621;Warth-Weiningen;2;1;;2;;1;2;;;3;7;;;;;;;;;;;18
2014;4621;Warth-Weiningen;2;;1;;;;;;;;;;;;;;;;;;;3
2015;4621;Warth-Weiningen;2;;;;;;;;;;1;;1;;;;1;;;;1;6
2016;4621;Warth-Weiningen;2;;;;;;;;;;;;1;;;;;;;;2;5
2017;4621;Warth-Weiningen;4;;;1;;;4;;;;;3;2;;;;;;;;3;17
2018;4621;Warth-Weiningen;3;;;;;;3;;;;;1;;1;;;2;;;;2;12
2019;4621;Warth-Weiningen;;;;;;;4;1;;;;2;;;4;;2;;;;;13
2020;4621;Warth-Weiningen;;;;1;;1;5;;;;;1;;;9;;2;;;;;19
2008;4946;Weinfelden;3;;1;6;3;;;2;;11;3;;;;;;8;;;;;37
2009;4946;Weinfelden;22;;2;19;1;;1;1;;14;2;;1;;;;11;;;;3;77
2010;4946;Weinfelden;41;;2;7;1;;2;;;12;4;;;;;;9;;;;;78
2011;4946;Weinfelden;48;;1;6;1;1;3;1;;8;8;;2;2;;;11;;;;;92
2012;4946;Weinfelden;42;5;2;12;2;;4;;;13;12;;4;2;;;7;;;;;105
2013;4946;Weinfelden;16;2;;15;;2;2;4;;9;16;;1;1;;;10;;1;;;79
2014;4946;Weinfelden;22;5;2;11;2;;1;;;9;9;;2;1;;;11;2;;;;77
2015;4946;Weinfelden;11;4;;2;1;;1;1;;6;2;1;4;;;;3;3;1;;;40
2016;4946;Weinfelden;13;1;1;2;;;9;;;3;;1;3;2;;;7;5;;;6;53
2017;4946;Weinfelden;24;2;4;5;;;1;;;;;;9;;;;19;1;;;6;71
2018;4946;Weinfelden;23;5;2;7;;;4;;;1;;1;11;;;;21;1;;;7;83
2019;4946;Weinfelden;15;3;1;1;;;8;;;;;6;3;;17;;10;2;;;1;67
2020;4946;Weinfelden;11;6;1;2;2;;11;;;2;;3;4;;26;;19;1;;;;88
2008;4951;Wigoltingen;3;;;;2;;;;;4;;;;;;;;;;;;9
2009;4951;Wigoltingen;3;;;;1;1;2;1;;7;1;;;;;;5;;;;;21
2010;4951;Wigoltingen;15;;;3;2;;1;;;3;2;;;;;;4;;;;;30
2011;4951;Wigoltingen;16;;;2;1;1;1;;;2;4;;;;;;1;;;;;28
2012;4951;Wigoltingen;4;;;;1;;2;4;;4;1;;;;;;2;;;;;18
2013;4951;Wigoltingen;2;;;1;1;;4;;;6;1;;;;;;1;;;;;16
2014;4951;Wigoltingen;2;;;1;;;;;;2;4;;;;;;1;;;;;10
2015;4951;Wigoltingen;4;1;;;1;;;;;2;1;1;;;;;2;;;;2;14
2016;4951;Wigoltingen;6;1;1;;1;;1;;;;;;1;;;;1;1;;;5;18
2017;4951;Wigoltingen;3;2;;;;;2;;;;;2;;;;;3;;;;4;16
2018;4951;Wigoltingen;2;;;;;1;3;;;;;7;;;;;3;;;;4;20
2019;4951;Wigoltingen;4;;;;1;;4;;;1;;7;;;4;1;4;;;;1;27
2020;4951;Wigoltingen;3;1;;;;;4;;;;;6;;;8;;5;;;;;27
2008;4786;Wilen (TG);1;;;;;;;;;5;1;;;;;;;;;;;7
2009;4786;Wilen (TG);6;;;;1;;1;;;10;;;;;;;;;;;;18
2010;4786;Wilen (TG);6;;;;;;;;;8;;;;;;;2;;;;;16
2011;4786;Wilen (TG);10;;;1;;;2;;;7;3;;;;;;;;;;;23
2012;4786;Wilen (TG);9;;;4;1;;;;;4;3;;;;;;1;1;;;;23
2013;4786;Wilen (TG);1;;;6;;;;;;3;4;;1;;;;;;;;;15
2014;4786;Wilen (TG);2;3;;6;1;;1;;;2;1;;;;;;1;;;;;17
2015;4786;Wilen (TG);4;;;;;;;;;;;;;;;;;;;;1;5
2016;4786;Wilen (TG);2;1;;1;;;2;;;;;;;;;;;;;;1;7
2017;4786;Wilen (TG);4;;;;;;;;;1;;1;1;;;;;;;;;7
2018;4786;Wilen (TG);2;1;;;;;;;;;;3;;;;;1;;;;3;10
2019;4786;Wilen (TG);2;;;;;;4;;;;;3;;;1;;1;;;;;11
2020;4786;Wilen (TG);1;;;;;;1;;;;;2;;;6;;3;;;;;13
2008;4791;Wuppenau;;;;;2;;;;;3;4;;;;;;1;;;;;10
2009;4791;Wuppenau;2;;1;1;1;;;;;1;5;;;;;;1;;;;;12
2010;4791;Wuppenau;5;;;;1;;;;;;5;;;;;;1;;;;;12
2011;4791;Wuppenau;5;1;;1;;;1;;;1;3;;;;;;;;;;;12
2012;4791;Wuppenau;9;1;;;;;1;;;1;4;;;;;;;;;;;16
2013;4791;Wuppenau;1;;;;1;1;1;2;;;3;;;;;;;;;;;9
2014;4791;Wuppenau;4;1;;;1;1;;;;1;3;;;;;;1;;;;;12
2015;4791;Wuppenau;;;;;;1;1;6;;;;;;;;;2;;;;2;12
2016;4791;Wuppenau;1;;;;2;1;3;1;;;;;1;1;;;;;;;1;11
2017;4791;Wuppenau;2;;;;;;1;;;;;7;;;;;1;;;;4;15
2018;4791;Wuppenau;2;;;;;;3;3;1;;;3;;;;;1;;;;1;14
2019;4791;Wuppenau;2;1;;;;;2;2;;;;3;;;;;1;;;;;11
2020;4791;Wuppenau;2;1;;1;;;3;1;;;;4;;;3;;3;;;;;18
2008;4511;Zihlschlacht-Sitterdorf;1;;;;1;;;;;4;;;;;;;;;;;1;7
2009;4511;Zihlschlacht-Sitterdorf;9;;;;3;;1;;;3;4;;;;;;2;;;;;22
2010;4511;Zihlschlacht-Sitterdorf;5;;;5;;;4;2;;3;2;;;;;;1;;;;;22
2011;4511;Zihlschlacht-Sitterdorf;8;;;1;2;;;;;7;2;;;;;;;;;;;20
2012;4511;Zihlschlacht-Sitterdorf;7;1;;2;;;5;;;;3;;;;;;5;;;;;23
2013;4511;Zihlschlacht-Sitterdorf;3;;;;1;;;2;;1;3;;;;;;;;;;;10
2014;4511;Zihlschlacht-Sitterdorf;5;;;1;;1;2;1;;1;2;;;;;;;1;;;;14
2015;4511;Zihlschlacht-Sitterdorf;3;;;;;1;;8;;2;;1;1;;;;;;;;;16
2016;4511;Zihlschlacht-Sitterdorf;1;2;2;;;;2;2;;;;;;;;;;;;;3;12
2017;4511;Zihlschlacht-Sitterdorf;3;;;2;1;;4;;;1;;3;;;;;2;1;;;3;20
2018;4511;Zihlschlacht-Sitterdorf;6;;;;;;3;;;;;6;4;;;;2;;;;2;23
2019;4511;Zihlschlacht-Sitterdorf;5;;;;;;5;;;;;3;;;;;3;;;;;16
2020;4511;Zihlschlacht-Sitterdorf;3;1;;;2;;5;;;;;4;;;4;;4;;;;;23
